
FIX Regret Mean [0.41388889 0.41944444 0.42222222 0.42222222 0.44166667 0.44444444
 0.475      0.51666667 0.51666667 0.51666667 0.51666667 0.54166667
 0.54166667 0.54166667 0.54166667 0.54166667 0.54166667 0.54166667
 0.54166667 0.54166667 0.54166667 0.54166667 0.54166667]

FIX Regret Deviation_std_error
 [0.01963331 0.01857981 0.01952193 0.01952193 0.02449846 0.02457366
 0.03229564 0.03525081 0.03525081 0.03525081 0.03525081 0.04039941
 0.04039941 0.04039941 0.04039941 0.04039941 0.04039941 0.04039941
 0.04039941 0.04039941 0.04039941 0.04039941 0.04039941]


ARD Regret Mean [0.41388889 0.41944444 0.42222222 0.46111111 0.50555556 0.55277778
 0.60555556 0.63888889 0.63888889 0.66111111 0.66388889 0.70555556
 0.73333333 0.74166667 0.74166667 0.74444444 0.74722222 0.74722222
 0.74722222 0.74722222 0.74722222 0.74722222 0.74722222]

ARD Regret Deviation_Std_error
 [0.01963331 0.01857981 0.01952193 0.02432668 0.03453937 0.04299025
 0.04093971 0.04054447 0.04054447 0.03679672 0.03565298 0.02566873
 0.0199301  0.01939262 0.01939262 0.018095   0.0168767  0.0168767
 0.0168767  0.0168767  0.0168767  0.0168767  0.0168767]



VAR Regret Mean [0.41388889 0.41944444 0.42222222 0.60277778 0.64722222 0.65277778
 0.68333333 0.68333333 0.71666667 0.71666667 0.71666667 0.73055556
 0.73055556 0.73055556 0.74166667 0.75555556 0.75555556 0.75555556
 0.75555556 0.75555556 0.75555556 0.75555556 0.75555556]

VAR Regret Deviation_std_error
 [0.01963331 0.01857981 0.01952193 0.03514119 0.03108889 0.03248209
 0.02605787 0.02605787 0.02052714 0.02052714 0.02052714 0.01639268
 0.01639268 0.01639268 0.01322064 0.01390096 0.01390096 0.01390096
 0.01390096 0.01390096 0.01390096 0.01390096 0.01390096]



Multi Regret Mean [0.41388889 0.41944444 0.42222222 0.46388889 0.46388889 0.49444444
 0.49444444 0.54166667 0.55       0.575      0.59444444 0.59444444
 0.6        0.6        0.61111111 0.64722222 0.64722222 0.64722222
 0.69444444 0.69444444 0.73611111 0.73888889 0.73888889]

Multi Regret Deviation_std_error
 [0.01963331 0.01857981 0.01952193 0.02360578 0.02360578 0.02951114
 0.02951114 0.03034623 0.03127716 0.03681951 0.03609717 0.03609717
 0.03581727 0.03581727 0.03806935 0.03833718 0.03833718 0.03833718
 0.03245625 0.03245625 0.02060055 0.02075468 0.02075468]
