FIX Regret Mean [0.6377193  0.6377193  0.6377193  0.6377193  0.6377193  0.6377193
 0.66578947 0.66578947 0.66578947 0.66578947 0.68333333 0.71140351
 0.71140351 0.73596491 0.73596491 0.73596491 0.73596491 0.73596491
 0.73596491 0.73596491 0.73596491 0.73596491 0.73596491]

FIX Regret Deviation_std_error
 [0.00899971 0.00899971 0.00899971 0.00899971 0.00899971 0.00899971
 0.01878611 0.01878611 0.01878611 0.01878611 0.0232724  0.02919021
 0.02919021 0.02998175 0.02998175 0.02998175 0.02998175 0.02998175
 0.02998175 0.02998175 0.02998175 0.02998175 0.02998175]

ARD Regret Mean [0.6377193  0.6377193  0.6377193  0.6377193  0.6377193  0.6377193
 0.67280702 0.67280702 0.70175439 0.7754386  0.7754386  0.7754386
 0.7754386  0.7754386  0.7754386  0.7754386  0.7754386  0.7754386
 0.7754386  0.7754386  0.7754386  0.7754386  0.7754386 ]

ARD Regret Deviation_Std_error
 [0.00899971 0.00899971 0.00899971 0.00899971 0.00899971 0.00899971
 0.01958134 0.01958134 0.02509233 0.03101022 0.03101022 0.03101022
 0.03101022 0.03101022 0.03101022 0.03101022 0.03101022 0.03101022
 0.03101022 0.03101022 0.03101022 0.03101022 0.03101022]



VAR Regret Mean [0.6377193  0.6377193  0.6377193  0.79649123 0.8254386  0.8254386
 0.8254386  0.8254386  0.8254386  0.8254386  0.82631579 0.85175439
 0.85175439 0.85175439 0.85175439 0.85175439 0.87982456 0.87982456
 0.87982456 0.87982456 0.87982456 0.87982456 0.87982456]

VAR Regret Deviation_std_error
 [0.00899971 0.00899971 0.00899971 0.03071319 0.02963382 0.02963382
 0.02963382 0.02963382 0.02963382 0.02963382 0.02971668 0.0261941
 0.0261941  0.0261941  0.0261941  0.0261941  0.02087149 0.02087149
 0.02087149 0.02087149 0.02087149 0.02087149 0.02087149]


Multi Regret Mean [0.6377193  0.6377193  0.6377193  0.68070175 0.68070175 0.68070175
 0.70701754 0.70701754 0.70701754 0.73596491 0.76754386 0.80263158
 0.80263158 0.80263158 0.80263158 0.80263158 0.80263158 0.80263158
 0.80263158 0.80263158 0.80263158 0.80263158 0.80263158]

Multi Regret Deviation_std_error
 [0.00899971 0.00899971 0.00899971 0.02222456 0.02222456 0.02222456
 0.02593418 0.02593418 0.02593418 0.02885592 0.02898086 0.02731696
 0.02731696 0.02731696 0.02731696 0.02731696 0.02731696 0.02731696
 0.02731696 0.02731696 0.02731696 0.02731696 0.02731696]

