Configuration Settings:

 hyperkernel_type: matern_harmonic_kernel 	kernel_type: SE 	char_length_scale: 0.3 	sigma_len: 0.0001 	sigma_len_bounds:  [0.1, 1] 	signal_variance_bounds: [0.1, 1] 
number_of_samples_in_X_for_grid: 4 	number_of_samples_in_Xs_for_grid: 5 	number_of_test_datapoints: 100 	noise: 0.0 
hyper_lambda 0.1 	random_seed: 400 	max_X: 1 	min_X: 0 	max_Y: 2 	min_Y: 1 
bounds: [[0, 1]] 	number_of_dimensions: 1 
signal_variance: 1 	number_of_basis_vectors_chosen:  1 	basis_weights_bounds: [0.1, 1] 
number_of_subspace_selection_iterations: 5 	number_of_iterations_best_solution: 5 
number_of_init_random_kernel_y_observations: 4 	acq_fun_list: ['UCB'] 
Length scale bounds:  [[0.1, 1]] 	number of restart likelihoods:  100 	hyper_char_len_scale:  0.1 
Dataset:  fertility 

###################################################################
 
Generating results Start time:  042246_29052021 




Mean:  [0.29492484 0.03469162 0.5910409  0.72534394 0.04336589 0.15980628
 0.19099113 0.85363143 0.78540279 0.05601745 0.58028752 0.26631687
 0.00304729 0.1029192  0.09545394 0.18724296 1.00815132 0.40482367
 0.10791341 0.03207417] 
Variance:  [0.94666668 0.99881546 0.44242764 0.8087021  0.99857658 0.98372434
 0.98869569 0.14896023 0.62136483 0.99863222 0.8791601  0.96897469
 0.99998197 0.99031885 0.9940973  0.96714885 0.08398451 0.9385188
 0.99340952 0.99959057] 
ys:  (20, 1) .....
 




Mean:  [1.75937717e-01 3.74899613e-01 1.08918144e+00 6.11885137e-01
 6.62744783e-01 1.01426342e+00 9.38810533e-01 3.72003079e-01
 7.96759960e-01 2.13210121e-13 7.28766390e-01 6.24733761e-02
 4.10085033e-02 1.02734557e-01 9.76552415e-01 4.93732189e-01
 8.59246828e-01 4.53543446e-01 6.51850192e-01 6.16043337e-01] 
Variance:  [9.83634289e-01 9.41610681e-01 8.14431079e-02 8.21104797e-01
 5.90855151e-01 4.37797061e-01 2.49235159e-01 9.34236011e-01
 5.24857335e-01 9.99866856e-13 7.00112886e-01 9.98563332e-01
 9.98611948e-01 9.90320087e-01 3.91802176e-02 8.00098430e-01
 3.54709185e-01 9.18144542e-01 4.96928510e-01 6.36096348e-01] 
ys:  (20, 1) .....
 




Mean:  [ 9.55693169e-01  1.05005378e-01  1.24580596e-01  1.98603451e-13
  7.50114267e-01  3.22524449e-02  6.00620249e-01  6.71674532e-01
  5.51598967e-01  5.83393642e-01  3.28190769e-01  9.57519627e-02
 -2.07354901e-01  4.93483542e-01  4.32410625e-02  5.32123073e-01
  3.73966989e-01  9.35848285e-01  5.09073635e-01  6.78823829e-01] 
Variance:  [1.00066791e-01 9.93414968e-01 9.90261880e-01 9.99866856e-13
 6.81014246e-01 9.99590537e-01 8.31742105e-01 7.48733177e-01
 8.03863594e-01 4.42515970e-01 9.47304495e-01 8.99736491e-01
 5.46247870e-01 8.61012606e-01 9.99260145e-01 9.09437797e-01
 9.31097282e-01 2.48096488e-01 8.28224244e-01 4.95297853e-01] 
ys:  (20, 1) .....
 




Mean:  [0.45583775 0.01873778 0.58991448 0.096086   0.13407156 0.36003154
 0.03519794 0.24485319 0.34053819 0.72316174 0.00861526 0.41057252
 0.16088685 0.83832179 0.33962243 0.95463489 0.03913602 0.03229295
 0.08632037 0.25751784] 
Variance:  [0.92600161 0.99962693 0.44242953 0.9956264  0.98523143 0.94031216
 0.9988151  0.96832    0.34036061 0.56034678 0.9999684  0.90454786
 0.98191654 0.66762685 0.65562437 0.18846082 0.99884496 0.99959052
 0.99526109 0.94773226] 
ys:  (20, 1) .....
 




Mean:  [0.50878527 0.82213715 0.17498475 0.23222905 0.44621011 0.55014475
 0.25228409 0.46241419 0.41297942 0.58888351 1.         0.03236874
 0.8853366  0.10088947 0.24249224 0.95852081 0.83908052 0.37143323
 0.38474771 0.1467518 ] 
Variance:  [8.62067177e-01 4.86447873e-01 9.82742925e-01 9.82326826e-01
 9.29532695e-01 7.97619517e-01 9.63839668e-01 9.30135697e-01
 7.22970112e-01 8.32174816e-01 1.00008890e-12 9.99590474e-01
 3.06189267e-01 9.95615237e-01 9.71812994e-01 2.62823317e-01
 1.49398025e-01 9.50991500e-01 9.01542401e-01 9.93299638e-01] 
ys:  (20, 1) .....
 




Mean:  [0.36257274 0.33276448 0.09863654 0.68481148 0.25467316 0.92613119
 0.01621105 0.77380421 0.34040863 0.83216246 0.46658968 0.08743087
 0.60933649 0.6338165  0.19558301 0.10846288 0.01621105 0.171038
 0.99282603 0.23837588] 
Variance:  [0.65480642 0.95046302 0.89973645 0.68856824 0.94960371 0.28424546
 0.99959984 0.24618777 0.34053883 0.68443935 0.91527757 0.99573695
 0.72648938 0.53256092 0.98008568 0.9958978  0.99959984 0.97643631
 0.25622478 0.98294895] 
ys:  (20, 1) .....
 




Mean:  [0.93260924 0.03923076 0.95444733 0.27371749 0.09246408 0.25591697
 0.34189026 0.75695768 0.00823417 0.80103798 0.1902473  0.09082048
 0.04947972 0.60496288 0.36489053 0.52424229 0.75082517 0.38372079
 0.64556807 0.17671468] 
Variance:  [0.06159721 0.99884505 0.27954802 0.9564868  0.99557218 0.96466486
 0.65405666 0.69712429 0.99996988 0.43225001 0.986106   0.99672437
 0.99813779 0.60643115 0.9353189  0.85993048 0.51910093 0.94861587
 0.69396656 0.87436163] 
ys:  (20, 1) .....
 




Mean:  [ 0.42833159  0.03673889  0.31984785 -0.05522329  0.69519114  0.04392923
  1.          0.75845099  0.92879079  0.16773446  0.47391209  0.31219685
  0.17393309  0.62010238  0.02365957  0.87305036  0.34718933  0.08291637
  0.13454399  0.03128172] 
Variance:  [9.07720879e-01 9.98879045e-01 9.32727049e-01 7.04624405e-01
 8.19709074e-01 9.99246462e-01 9.99866856e-13 2.42976557e-01
 6.18758580e-01 9.82693953e-01 8.61988163e-01 9.69682541e-01
 9.79102024e-01 5.32761777e-01 9.99604778e-01 5.81577553e-01
 3.40856765e-01 9.93623930e-01 9.79972621e-01 9.98344869e-01] 
ys:  (20, 1) .....
 




Mean:  [0.03442264 0.84530597 0.77542969 0.97317431 0.21853303 0.34496903
 0.73752552 0.17028963 0.72993496 0.4497103  0.49691112 0.6356877
 0.17693629 0.44532256 0.10111589 0.21164819 1.06246903 1.01564386
 0.15424361 0.12675642] 
Variance:  [0.99885865 0.4852351  0.35355992 0.18822393 0.94619381 0.9596349
 0.56181355 0.98208413 0.69755946 0.91833817 0.82226763 0.82013644
 0.98363877 0.92953805 0.99032215 0.96522848 0.06686581 0.08431813
 0.98075272 0.98520376] 
ys:  (20, 1) .....
 




Mean:  [ 0.56685443  0.18444835 -0.07166507  0.13678662  0.12753058  1.06193536
  0.19794676  0.11229105  0.44950273  0.26371649  0.76990743  0.17160425
  0.09433713  0.05412512  0.53003762  0.71759286  0.73043569  0.78532503
  0.90789176  0.44205969] 
Variance:  [0.88117414 0.96245808 0.97061125 0.98920606 0.99438824 0.06691569
 0.98007689 0.99594664 0.76761638 0.92247321 0.62431074 0.98275666
 0.99573534 0.99805586 0.320386   0.70083321 0.68590187 0.52492793
 0.26689138 0.92535452] 
ys:  (20, 1) .....
 
