Configuration Settings:

 hyperkernel_type: matern_harmonic_kernel 	kernel_type: SE 	char_length_scale: 0.3 	sigma_len: 0.0001 	sigma_len_bounds:  [0.1, 1] 	signal_variance_bounds: [0.1, 1] 
number_of_samples_in_X_for_grid: 4 	number_of_samples_in_Xs_for_grid: 5 	number_of_test_datapoints: 100 	noise: 0.0 
hyper_lambda 0.1 	random_seed: 400 	max_X: 1 	min_X: 0 	max_Y: 2 	min_Y: 1 
bounds: [[0, 1]] 	number_of_dimensions: 1 
signal_variance: 1 	number_of_basis_vectors_chosen:  1 	basis_weights_bounds: [0.1, 1] 
number_of_subspace_selection_iterations: 5 	number_of_iterations_best_solution: 5 
number_of_init_random_kernel_y_observations: 4 	acq_fun_list: ['UCB'] 
Length scale bounds:  [[0.1, 1]] 	number of restart likelihoods:  100 	hyper_char_len_scale:  0.1 
Dataset:  auto 

###################################################################
 
Generating results Start time:  034345_29052021 
************  Run: 1    ***************

 
Initial Grid Values selected for this run
--- X in Grid ---
 [[0.        ]
 [0.33333333]
 [0.66666667]
 [1.        ]] 
Starting Optimization 
Eigen values for the calculation of the dimensionality reduction... 
######  run: 1  subspace  1   ###### 




Mean:  [0.40309576 0.39667036 0.39667036 0.39667036 0.41431825 0.39667036
 0.6344852  0.40429492 0.39265163 0.27388878 0.39667036 0.39667036
 0.39667036 0.39667037 0.40309902 0.39667036 0.39376645 0.39667036
 0.39667036 0.39667036 0.39652551 0.39667036 0.40072965 0.39667036
 0.39667037 0.39667037 0.38527005 0.39667036 0.39667036 0.39667037
 0.46905907 0.39667037 0.39667036 0.39667036 0.39667027 0.39667036
 0.39667036 0.39667036 0.38646585 0.39667036 0.39657369 0.39700277
 0.44197327 0.41588312 0.39668822 0.39667036 0.2584348  0.39667036
 0.38233809 0.41705752 0.39667036 0.39667036 0.39747389 0.3965765
 0.39667036 0.4906646  0.39667036 0.39667036 0.39667036 0.39667036
 0.29284302 0.39667036 0.39667036 0.39667036 0.39667037 0.39667036
 0.39667036 0.39667036 0.39667037 0.39665848 0.39667036 0.39678646
 0.39667037 0.39667036 0.39667036 0.39667036 0.39633857 0.39667036
 0.39667036 0.39667036] 
Variance:  [0.50471898 0.50673158 0.50673158 0.50673158 0.50505881 0.50673158
 0.36380046 0.50545862 0.49245085 0.37001415 0.50673158 0.50673158
 0.50673158 0.50673158 0.50618288 0.50673158 0.50640962 0.50673158
 0.50673158 0.50673158 0.50672686 0.50673158 0.50617893 0.50673158
 0.50673158 0.50673158 0.49860921 0.50673158 0.50673158 0.50673158
 0.3916429  0.50673158 0.50673158 0.50673158 0.50673158 0.50673158
 0.50673158 0.50673158 0.50435972 0.50673158 0.50672975 0.50671676
 0.35144604 0.49523464 0.50673072 0.50673158 0.36877227 0.50673158
 0.50288926 0.50232451 0.50673158 0.50673158 0.44224662 0.5067302
 0.50673158 0.39874781 0.50673158 0.50673158 0.50673158 0.50673158
 0.37829737 0.50673158 0.50673158 0.50673158 0.50673158 0.50673158
 0.50673158 0.50673158 0.50673158 0.50673056 0.50673158 0.50672823
 0.50673158 0.50673158 0.50673158 0.50673158 0.50672581 0.50673158
 0.50673158 0.50673158] 
ys:  (80, 1) .....
 
Generated new observation with observation_y:  [[0.00600221]] 




Mean:  [0.40309576 0.39667036 0.39667036 0.39667036 0.41431825 0.39667036
 0.6344852  0.40429492 0.39265163 0.27388878 0.39667036 0.39667036
 0.39667036 0.39667037 0.40309902 0.39667036 0.39376645 0.39667036
 0.39667036 0.39667036 0.39652551 0.39667036 0.40072965 0.39667036
 0.39667037 0.39667037 0.38527005 0.39667036 0.39667036 0.39667037
 0.46905907 0.39667037 0.39667036 0.39667036 0.39667027 0.39667036
 0.39667036 0.39667036 0.38646585 0.39667036 0.39657369 0.39700277
 0.44197327 0.41588312 0.39668822 0.39667036 0.2584348  0.39667036
 0.38233809 0.41705752 0.39667036 0.39667036 0.39747389 0.3965765
 0.39667036 0.4906646  0.39667036 0.39667036 0.39667036 0.39667036
 0.29284302 0.39667036 0.39667036 0.39667036 0.39667037 0.39667036
 0.39667036 0.39667036 0.39667037 0.39665848 0.39667036 0.39678646
 0.39667037 0.39667036 0.39667036 0.39667036 0.39633857 0.39667036
 0.39667036 0.39667036] 
Variance:  [0.10666603 0.10709137 0.10709137 0.10709137 0.10673785 0.10709137
 0.07688467 0.10682234 0.10407332 0.07819785 0.10709137 0.10709137
 0.10709137 0.10709137 0.10697541 0.10709137 0.10702333 0.10709137
 0.10709137 0.10709137 0.10709037 0.10709137 0.10697457 0.10709137
 0.10709137 0.10709137 0.10537481 0.10709137 0.10709137 0.10709137
 0.08276882 0.10709137 0.10709137 0.10709137 0.10709137 0.10709137
 0.10709137 0.10709137 0.10659011 0.10709137 0.10709098 0.10708824
 0.07427372 0.10466164 0.10709119 0.10709137 0.0779354  0.10709137
 0.10627934 0.10615999 0.10709137 0.10709137 0.09346328 0.10709108
 0.10709137 0.08427035 0.10709137 0.10709137 0.10709137 0.10709137
 0.07994841 0.10709137 0.10709137 0.10709137 0.10709137 0.10709137
 0.10709137 0.10709137 0.10709137 0.10709115 0.10709137 0.10709066
 0.10709137 0.10709137 0.10709137 0.10709137 0.10709015 0.10709137
 0.10709137 0.10709137] 
ys:  (80, 1) .....
 
Generated new observation with observation_y:  [[0.00600221]] 




Mean:  [0.40309576 0.39667036 0.39667036 0.39667036 0.41431825 0.39667036
 0.6344852  0.40429492 0.39265163 0.27388878 0.39667036 0.39667036
 0.39667036 0.39667037 0.40309902 0.39667036 0.39376645 0.39667036
 0.39667036 0.39667036 0.39652551 0.39667036 0.40072965 0.39667036
 0.39667037 0.39667037 0.38527005 0.39667036 0.39667036 0.39667037
 0.46905907 0.39667037 0.39667036 0.39667036 0.39667027 0.39667036
 0.39667036 0.39667036 0.38646585 0.39667036 0.39657369 0.39700277
 0.44197327 0.41588312 0.39668822 0.39667036 0.2584348  0.39667036
 0.38233809 0.41705752 0.39667036 0.39667036 0.39747389 0.3965765
 0.39667036 0.4906646  0.39667036 0.39667036 0.39667036 0.39667036
 0.29284302 0.39667036 0.39667036 0.39667036 0.39667037 0.39667036
 0.39667036 0.39667036 0.39667037 0.39665848 0.39667036 0.39678646
 0.39667037 0.39667036 0.39667036 0.39667036 0.39633857 0.39667036
 0.39667036 0.39667036] 
Variance:  [0.41520729 0.41686296 0.41686296 0.41686296 0.41548685 0.41686296
 0.29928061 0.41581576 0.40511491 0.30439231 0.41686296 0.41686296
 0.41686296 0.41686296 0.41641157 0.41686296 0.4165981  0.41686296
 0.41686296 0.41686296 0.41685908 0.41686296 0.41640832 0.41686296
 0.41686296 0.41686296 0.41018109 0.41686296 0.41686296 0.41686296
 0.32218521 0.41686296 0.41686296 0.41686296 0.41686296 0.41686296
 0.41686296 0.41686296 0.41491175 0.41686296 0.41686145 0.41685077
 0.28911724 0.407405   0.41686226 0.41686296 0.30337067 0.41686296
 0.41370207 0.41323748 0.41686296 0.41686296 0.36381438 0.41686182
 0.41686296 0.32803006 0.41686296 0.41686296 0.41686296 0.41686296
 0.3112065  0.41686296 0.41686296 0.41686296 0.41686296 0.41686296
 0.41686296 0.41686296 0.41686296 0.41686212 0.41686296 0.4168602
 0.41686296 0.41686296 0.41686296 0.41686296 0.41685821 0.41686296
 0.41686296 0.41686296] 
ys:  (80, 1) .....
 
Generated new observation with observation_y:  [[0.00600221]] 




Mean:  [0.40309576 0.39667036 0.39667036 0.39667036 0.41431825 0.39667036
 0.6344852  0.40429492 0.39265163 0.27388878 0.39667036 0.39667036
 0.39667036 0.39667037 0.40309902 0.39667036 0.39376645 0.39667036
 0.39667036 0.39667036 0.39652551 0.39667036 0.40072965 0.39667036
 0.39667037 0.39667037 0.38527005 0.39667036 0.39667036 0.39667037
 0.46905907 0.39667037 0.39667036 0.39667036 0.39667027 0.39667036
 0.39667036 0.39667036 0.38646585 0.39667036 0.39657369 0.39700277
 0.44197327 0.41588312 0.39668822 0.39667036 0.2584348  0.39667036
 0.38233809 0.41705752 0.39667036 0.39667036 0.39747389 0.3965765
 0.39667036 0.4906646  0.39667036 0.39667036 0.39667036 0.39667036
 0.29284302 0.39667036 0.39667036 0.39667036 0.39667037 0.39667036
 0.39667036 0.39667036 0.39667037 0.39665848 0.39667036 0.39678646
 0.39667037 0.39667036 0.39667036 0.39667036 0.39633857 0.39667036
 0.39667036 0.39667036] 
Variance:  [0.36979768 0.37127228 0.37127228 0.37127228 0.37004667 0.37127228
 0.26654946 0.3703396  0.36080907 0.2711021  0.37127228 0.37127228
 0.37127228 0.37127228 0.37087026 0.37127228 0.37103638 0.37127228
 0.37127228 0.37127228 0.37126882 0.37127228 0.37086736 0.37127228
 0.37127228 0.37127228 0.36532118 0.37127228 0.37127228 0.37127228
 0.28694906 0.37127228 0.37127228 0.37127228 0.37127228 0.37127228
 0.37127228 0.37127228 0.36953446 0.37127228 0.37127094 0.37126142
 0.25749761 0.3628487  0.37127165 0.37127228 0.2701922  0.37127228
 0.36845709 0.3680433  0.37127228 0.37127228 0.32402541 0.37127126
 0.37127228 0.29215469 0.37127228 0.37127228 0.37127228 0.37127228
 0.27717105 0.37127228 0.37127228 0.37127228 0.37127228 0.37127228
 0.37127228 0.37127228 0.37127228 0.37127153 0.37127228 0.37126982
 0.37127228 0.37127228 0.37127228 0.37127228 0.37126805 0.37127228
 0.37127228 0.37127228] 
ys:  (80, 1) .....
 
Generated new observation with observation_y:  [[0.00600221]] 

Trying for best solution at iteration: 1    in subspace:  1 
Using log marginal likelihood to compute the optimised length scale for the kernels 
Hyper Params for kernel observations 
New maximum log likelihood  [[8.99717867]]  found for l=  [1.]  var: 0.1 
Opt Length scale:  [1.] 
Opt variance:  0.1 
optimised values: l =  [1.]   sig =  0.1 
pre-calculating COV matrix for kernel observations 
ACQ Function : UCB  
New best Fval:  [[0.00926573]]  found at:  [0.73911913] 
New best Fval:  [[0.0080216]]  found at:  [0.66136948] 
New best Fval:  [[0.0080187]]  found at:  [0.65922445] 
New best Fval:  [[0.00801867]]  found at:  [0.65911131] 
New best Fval:  [[0.00801864]]  found at:  [0.6588966] 
UCB Best is  [[0.00801864]] at  [0.6588966] 
Best weights:  [0.6588966] 




Mean:  [0.40309576 0.39667036 0.39667036 0.39667036 0.41431825 0.39667036
 0.6344852  0.40429492 0.39265163 0.27388878 0.39667036 0.39667036
 0.39667036 0.39667037 0.40309902 0.39667036 0.39376645 0.39667036
 0.39667036 0.39667036 0.39652551 0.39667036 0.40072965 0.39667036
 0.39667037 0.39667037 0.38527005 0.39667036 0.39667036 0.39667037
 0.46905907 0.39667037 0.39667036 0.39667036 0.39667027 0.39667036
 0.39667036 0.39667036 0.38646585 0.39667036 0.39657369 0.39700277
 0.44197327 0.41588312 0.39668822 0.39667036 0.2584348  0.39667036
 0.38233809 0.41705752 0.39667036 0.39667036 0.39747389 0.3965765
 0.39667036 0.4906646  0.39667036 0.39667036 0.39667036 0.39667036
 0.29284302 0.39667036 0.39667036 0.39667036 0.39667037 0.39667036
 0.39667036 0.39667036 0.39667037 0.39665848 0.39667036 0.39678646
 0.39667037 0.39667036 0.39667036 0.39667036 0.39633857 0.39667036
 0.39667036 0.39667036] 
Variance:  [0.38862049 0.39017014 0.39017014 0.39017014 0.38888215 0.39017014
 0.2801169  0.38918999 0.37917435 0.28490128 0.39017014 0.39017014
 0.39017014 0.39017014 0.38974766 0.39017014 0.38992224 0.39017014
 0.39017014 0.39017014 0.39016651 0.39017014 0.38974461 0.39017014
 0.39017014 0.39017014 0.38391613 0.39017014 0.39017014 0.39017014
 0.30155485 0.39017014 0.39017014 0.39017014 0.39017014 0.39017014
 0.39017014 0.39017014 0.38834387 0.39017014 0.39016873 0.39015873
 0.27060431 0.3813178  0.39016948 0.39017014 0.28394506 0.39017014
 0.38721166 0.38677681 0.39017014 0.39017014 0.3405184  0.39016908
 0.39017014 0.30702545 0.39017014 0.39017014 0.39017014 0.39017014
 0.29127914 0.39017014 0.39017014 0.39017014 0.39017014 0.39017014
 0.39017014 0.39017014 0.39017014 0.39016936 0.39017014 0.39016756
 0.39017014 0.39017014 0.39017014 0.39017014 0.3901657  0.39017014
 0.39017014 0.39017014] 
ys:  (80, 1) .....
 
New observation found in the given subspace 
New kernel suggested:  [[ 1.15253154 -0.16145007 -1.31751078 -0.06813371  0.3561397  -0.02061031
   0.47776547 -0.30491164 -0.14800185  0.54757268]] 
with observation value:  [[0.00600221]] 

Trying for best solution at iteration: 2    in subspace:  1 
Using log marginal likelihood to compute the optimised length scale for the kernels 
Hyper Params for kernel observations 
New maximum log likelihood  [[14.75565062]]  found for l=  [1.]  var: 0.1 
Opt Length scale:  [1.] 
Opt variance:  0.1 
optimised values: l =  [1.]   sig =  0.1 
pre-calculating COV matrix for kernel observations 
ACQ Function : UCB  
New best Fval:  [[0.00912908]]  found at:  [0.84384461] 
New best Fval:  [[0.0079885]]  found at:  [0.66455204] 
New best Fval:  [[0.00796635]]  found at:  [0.66089413] 
New best Fval:  [[0.00796467]]  found at:  [0.6602924] 
New best Fval:  [[0.00796339]]  found at:  [0.65954071] 
New best Fval:  [[0.00796303]]  found at:  [0.65885792] 
New best Fval:  [[0.00796303]]  found at:  [0.65891238] 
UCB Best is  [[0.00796303]] at  [0.65891238] 
Best weights:  [0.65891238] 




Mean:  [0.40309576 0.39667036 0.39667036 0.39667036 0.41431825 0.39667036
 0.6344852  0.40429492 0.39265163 0.27388878 0.39667036 0.39667036
 0.39667036 0.39667037 0.40309902 0.39667036 0.39376645 0.39667036
 0.39667036 0.39667036 0.39652551 0.39667036 0.40072965 0.39667036
 0.39667037 0.39667037 0.38527005 0.39667036 0.39667036 0.39667037
 0.46905907 0.39667037 0.39667036 0.39667036 0.39667027 0.39667036
 0.39667036 0.39667036 0.38646585 0.39667036 0.39657369 0.39700277
 0.44197327 0.41588312 0.39668822 0.39667036 0.2584348  0.39667036
 0.38233809 0.41705752 0.39667036 0.39667036 0.39747389 0.3965765
 0.39667036 0.4906646  0.39667036 0.39667036 0.39667036 0.39667036
 0.29284302 0.39667036 0.39667036 0.39667036 0.39667037 0.39667036
 0.39667036 0.39667036 0.39667037 0.39665848 0.39667036 0.39678646
 0.39667037 0.39667036 0.39667036 0.39667036 0.39633857 0.39667036
 0.39667036 0.39667036] 
Variance:  [0.3886298  0.39017949 0.39017949 0.39017949 0.38889146 0.39017949
 0.28012361 0.38919931 0.37918343 0.2849081  0.39017949 0.39017949
 0.39017949 0.39017949 0.38975699 0.39017949 0.38993158 0.39017949
 0.39017949 0.39017949 0.39017585 0.39017949 0.38975395 0.39017949
 0.39017949 0.39017949 0.38392532 0.39017949 0.39017949 0.39017949
 0.30156207 0.39017949 0.39017949 0.39017949 0.39017948 0.39017949
 0.39017949 0.39017949 0.38835317 0.39017949 0.39017807 0.39016808
 0.27061079 0.38132693 0.39017883 0.39017949 0.28395186 0.39017949
 0.38722093 0.38678607 0.39017949 0.39017949 0.34052655 0.39017842
 0.39017949 0.3070328  0.39017949 0.39017949 0.39017949 0.39017949
 0.29128611 0.39017949 0.39017949 0.39017949 0.39017949 0.39017949
 0.39017949 0.39017949 0.39017949 0.3901787  0.39017949 0.3901769
 0.39017949 0.39017949 0.39017949 0.39017949 0.39017504 0.39017949
 0.39017949 0.39017949] 
ys:  (80, 1) .....
 
New observation found in the given subspace 
New kernel suggested:  [[ 1.15255914 -0.16145394 -1.31754233 -0.06813534  0.35614823 -0.0206108
   0.47777691 -0.30491894 -0.1480054   0.54758579]] 
with observation value:  [[0.00600221]] 

Trying for best solution at iteration: 3    in subspace:  1 
Using log marginal likelihood to compute the optimised length scale for the kernels 
Hyper Params for kernel observations 
New maximum log likelihood  [[20.5873717]]  found for l=  [1.]  var: 0.1 
Opt Length scale:  [1.] 
Opt variance:  0.1 
optimised values: l =  [1.]   sig =  0.1 
pre-calculating COV matrix for kernel observations 
ACQ Function : UCB  
New best Fval:  [[0.00789439]]  found at:  [0.66652318] 
New best Fval:  [[0.00783507]]  found at:  [0.65987318] 
New best Fval:  [[0.007834]]  found at:  [0.65889851] 
New best Fval:  [[0.007834]]  found at:  [0.65889454] 
UCB Best is  [[0.007834]] at  [0.65889454] 
Best weights:  [0.65889454] 




Mean:  [0.40309576 0.39667036 0.39667036 0.39667036 0.41431825 0.39667036
 0.6344852  0.40429492 0.39265163 0.27388878 0.39667036 0.39667036
 0.39667036 0.39667037 0.40309902 0.39667036 0.39376645 0.39667036
 0.39667036 0.39667036 0.39652551 0.39667036 0.40072965 0.39667036
 0.39667037 0.39667037 0.38527005 0.39667036 0.39667036 0.39667037
 0.46905907 0.39667037 0.39667036 0.39667036 0.39667027 0.39667036
 0.39667036 0.39667036 0.38646585 0.39667036 0.39657369 0.39700277
 0.44197327 0.41588312 0.39668822 0.39667036 0.2584348  0.39667036
 0.38233809 0.41705752 0.39667036 0.39667036 0.39747389 0.3965765
 0.39667036 0.4906646  0.39667036 0.39667036 0.39667036 0.39667036
 0.29284302 0.39667036 0.39667036 0.39667036 0.39667037 0.39667036
 0.39667036 0.39667036 0.39667037 0.39665848 0.39667036 0.39678646
 0.39667037 0.39667036 0.39667036 0.39667036 0.39633857 0.39667036
 0.39667036 0.39667036] 
Variance:  [0.38861928 0.39016892 0.39016892 0.39016892 0.38888094 0.39016892
 0.28011602 0.38918878 0.37917317 0.28490039 0.39016892 0.39016892
 0.39016892 0.39016892 0.38974644 0.39016892 0.38992102 0.39016892
 0.39016892 0.39016892 0.39016529 0.39016892 0.3897434  0.39016892
 0.39016892 0.39016892 0.38391493 0.39016892 0.39016892 0.39016892
 0.30155391 0.39016892 0.39016892 0.39016892 0.39016892 0.39016892
 0.39016892 0.39016892 0.38834266 0.39016892 0.39016751 0.39015752
 0.27060346 0.38131661 0.39016826 0.39016892 0.28394417 0.39016892
 0.38721045 0.3867756  0.39016892 0.39016892 0.34051734 0.39016786
 0.39016892 0.30702449 0.39016892 0.39016892 0.39016892 0.39016892
 0.29127823 0.39016892 0.39016892 0.39016892 0.39016892 0.39016892
 0.39016892 0.39016892 0.39016892 0.39016814 0.39016892 0.39016634
 0.39016892 0.39016892 0.39016892 0.39016892 0.39016448 0.39016892
 0.39016892 0.39016892] 
ys:  (80, 1) .....
 
New observation found in the given subspace 
New kernel suggested:  [[ 1.15252794 -0.16144957 -1.31750666 -0.0681335   0.35613859 -0.02061025
   0.47776398 -0.30491069 -0.14800139  0.54757096]] 
with observation value:  [[0.00600221]] 

Trying for best solution at iteration: 4    in subspace:  1 
Using log marginal likelihood to compute the optimised length scale for the kernels 
Hyper Params for kernel observations 
New maximum log likelihood  [[26.45682937]]  found for l=  [1.]  var: 0.1 
Opt Length scale:  [1.] 
Opt variance:  0.1 
optimised values: l =  [1.]   sig =  0.1 
pre-calculating COV matrix for kernel observations 
ACQ Function : UCB  
New best Fval:  [[0.00771942]]  found at:  [0.65890189] 
New best Fval:  [[0.00771942]]  found at:  [0.65889081] 
New best Fval:  [[0.00771942]]  found at:  [0.65889344] 
New best Fval:  [[0.00771942]]  found at:  [0.6588935] 
UCB Best is  [[0.00771942]] at  [0.6588935] 
Best weights:  [0.6588935] 




Mean:  [0.40309576 0.39667036 0.39667036 0.39667036 0.41431825 0.39667036
 0.6344852  0.40429492 0.39265163 0.27388878 0.39667036 0.39667036
 0.39667036 0.39667037 0.40309902 0.39667036 0.39376645 0.39667036
 0.39667036 0.39667036 0.39652551 0.39667036 0.40072965 0.39667036
 0.39667037 0.39667037 0.38527005 0.39667036 0.39667036 0.39667037
 0.46905907 0.39667037 0.39667036 0.39667036 0.39667027 0.39667036
 0.39667036 0.39667036 0.38646585 0.39667036 0.39657369 0.39700277
 0.44197327 0.41588312 0.39668822 0.39667036 0.2584348  0.39667036
 0.38233809 0.41705752 0.39667036 0.39667036 0.39747389 0.3965765
 0.39667036 0.4906646  0.39667036 0.39667036 0.39667036 0.39667036
 0.29284302 0.39667036 0.39667036 0.39667036 0.39667037 0.39667036
 0.39667036 0.39667036 0.39667037 0.39665848 0.39667036 0.39678646
 0.39667037 0.39667036 0.39667036 0.39667036 0.39633857 0.39667036
 0.39667036 0.39667036] 
Variance:  [0.38861867 0.39016831 0.39016831 0.39016831 0.38888033 0.39016831
 0.28011558 0.38918817 0.37917257 0.28489994 0.39016831 0.39016831
 0.39016831 0.39016831 0.38974583 0.39016831 0.38992041 0.39016831
 0.39016831 0.39016831 0.39016468 0.39016831 0.38974278 0.39016831
 0.39016831 0.39016831 0.38391432 0.39016831 0.39016831 0.39016831
 0.30155344 0.39016831 0.39016831 0.39016831 0.39016831 0.39016831
 0.39016831 0.39016831 0.38834205 0.39016831 0.3901669  0.3901569
 0.27060304 0.38131601 0.39016765 0.39016831 0.28394373 0.39016831
 0.38720984 0.386775   0.39016831 0.39016831 0.3405168  0.39016724
 0.39016831 0.30702401 0.39016831 0.39016831 0.39016831 0.39016831
 0.29127777 0.39016831 0.39016831 0.39016831 0.39016831 0.39016831
 0.39016831 0.39016831 0.39016831 0.39016753 0.39016831 0.39016573
 0.39016831 0.39016831 0.39016831 0.39016831 0.39016386 0.39016831
 0.39016831 0.39016831] 
ys:  (80, 1) .....
 
New observation found in the given subspace 
New kernel suggested:  [[ 1.15252613 -0.16144931 -1.31750459 -0.06813339  0.35613803 -0.02061021
   0.47776323 -0.30491021 -0.14800116  0.5475701 ]] 
with observation value:  [[0.00600221]] 

Trying for best solution at iteration: 5    in subspace:  1 
Using log marginal likelihood to compute the optimised length scale for the kernels 
Hyper Params for kernel observations 
New maximum log likelihood  [[32.34936037]]  found for l=  [1.]  var: 0.1 
Opt Length scale:  [1.] 
Opt variance:  0.1 
optimised values: l =  [1.]   sig =  0.1 
pre-calculating COV matrix for kernel observations 
ACQ Function : UCB  
New best Fval:  [[0.01096931]]  found at:  [0.75481956] 
New best Fval:  [[0.00762333]]  found at:  [0.6589011] 
New best Fval:  [[0.00762333]]  found at:  [0.6588928] 
New best Fval:  [[0.00762333]]  found at:  [0.65889367] 
UCB Best is  [[0.00762333]] at  [0.65889367] 
Best weights:  [0.65889367] 




Mean:  [0.40309576 0.39667036 0.39667036 0.39667036 0.41431825 0.39667036
 0.6344852  0.40429492 0.39265163 0.27388878 0.39667036 0.39667036
 0.39667036 0.39667037 0.40309902 0.39667036 0.39376645 0.39667036
 0.39667036 0.39667036 0.39652551 0.39667036 0.40072965 0.39667036
 0.39667037 0.39667037 0.38527005 0.39667036 0.39667036 0.39667037
 0.46905907 0.39667037 0.39667036 0.39667036 0.39667027 0.39667036
 0.39667036 0.39667036 0.38646585 0.39667036 0.39657369 0.39700277
 0.44197327 0.41588312 0.39668822 0.39667036 0.2584348  0.39667036
 0.38233809 0.41705752 0.39667036 0.39667036 0.39747389 0.3965765
 0.39667036 0.4906646  0.39667036 0.39667036 0.39667036 0.39667036
 0.29284302 0.39667036 0.39667036 0.39667036 0.39667037 0.39667036
 0.39667036 0.39667036 0.39667037 0.39665848 0.39667036 0.39678646
 0.39667037 0.39667036 0.39667036 0.39667036 0.39633857 0.39667036
 0.39667036 0.39667036] 
Variance:  [0.38861877 0.39016841 0.39016841 0.39016841 0.38888043 0.39016841
 0.28011565 0.38918827 0.37917267 0.28490001 0.39016841 0.39016841
 0.39016841 0.39016841 0.38974593 0.39016841 0.38992051 0.39016841
 0.39016841 0.39016841 0.39016478 0.39016841 0.38974288 0.39016841
 0.39016841 0.39016841 0.38391442 0.39016841 0.39016841 0.39016841
 0.30155351 0.39016841 0.39016841 0.39016841 0.39016841 0.39016841
 0.39016841 0.39016841 0.38834215 0.39016841 0.390167   0.390157
 0.27060311 0.38131611 0.39016775 0.39016841 0.2839438  0.39016841
 0.38720994 0.3867751  0.39016841 0.39016841 0.34051689 0.39016734
 0.39016841 0.30702408 0.39016841 0.39016841 0.39016841 0.39016841
 0.29127784 0.39016841 0.39016841 0.39016841 0.39016841 0.39016841
 0.39016841 0.39016841 0.39016841 0.39016763 0.39016841 0.39016583
 0.39016841 0.39016841 0.39016841 0.39016841 0.39016396 0.39016841
 0.39016841 0.39016841] 
ys:  (80, 1) .....
 
New observation found in the given subspace 
New kernel suggested:  [[ 1.15252643 -0.16144935 -1.31750493 -0.06813341  0.35613812 -0.02061022
   0.47776335 -0.30491029 -0.14800119  0.54757024]] 
with observation value:  [[0.00600221]] 
######    search in subspace 1  completed   ###### 
Best solution is selected as 
 {'best_kernel': array([[ 1.15252613, -0.16144931, -1.31750459, -0.06813339,  0.35613803,
        -0.02061021,  0.47776323, -0.30491021, -0.14800116,  0.5475701 ]]), 'best_value': array([0.00600221])} 
Subspace:  1  completed..



 
Data set after: 1  subspace 
Observation_y: [[0.00600221 0.00600221 0.00600221 0.00600221 0.00600221 0.00600221
  0.00600221 0.00600221 0.00600221]] 
 
######  run: 1  subspace  2   ###### 




Mean:  [0.40308717 0.39666905 0.39666905 0.39666905 0.41429678 0.39666905
 0.63435505 0.40428486 0.39265456 0.27395676 0.39666905 0.39666904
 0.39666905 0.39666905 0.40309017 0.39666904 0.39376861 0.39666905
 0.39666905 0.39666905 0.39652438 0.39666904 0.40072359 0.39666905
 0.39666905 0.39666905 0.38527816 0.39666904 0.39666905 0.39666905
 0.4690232  0.39666905 0.39666905 0.39666905 0.39666895 0.39666905
 0.39666904 0.39666904 0.38647488 0.39666905 0.39657248 0.39700106
 0.44194924 0.41586233 0.39668689 0.39666904 0.25851127 0.39666905
 0.38234812 0.41703393 0.39666905 0.39666904 0.39747244 0.3965753
 0.39666904 0.49060472 0.39666904 0.39666904 0.39666905 0.39666904
 0.2929082  0.39666905 0.39666905 0.39666905 0.39666905 0.39666905
 0.39666905 0.39666905 0.39666905 0.39665718 0.39666905 0.39678501
 0.39666905 0.39666905 0.39666905 0.39666905 0.39633759 0.39666905
 0.39666905 0.39666904] 
Variance:  [0.54428719 0.54645288 0.54645288 0.54645288 0.5446529  0.54645288
 0.39248464 0.54508311 0.53108296 0.39918228 0.54645288 0.54645288
 0.54645288 0.54645288 0.54586244 0.54645288 0.54610641 0.54645288
 0.54645288 0.54645288 0.5464478  0.54645288 0.54585819 0.54645288
 0.54645288 0.54645288 0.53771151 0.54645288 0.54645288 0.54645288
 0.42249597 0.54645288 0.54645288 0.54645288 0.54645288 0.54645288
 0.54645288 0.54645288 0.54390028 0.54645288 0.54645091 0.54643693
 0.3791672  0.53407957 0.54645196 0.54645288 0.39784371 0.54645288
 0.54231875 0.54171044 0.54645288 0.54645288 0.47701781 0.54645139
 0.54645288 0.43015012 0.54645288 0.54645288 0.54645288 0.54645288
 0.40814056 0.54645288 0.54645288 0.54645288 0.54645288 0.54645288
 0.54645288 0.54645288 0.54645288 0.54645179 0.54645288 0.54644927
 0.54645288 0.54645288 0.54645288 0.54645288 0.54644666 0.54645288
 0.54645288 0.54645288] 
ys:  (80, 1) .....
 
Generated new observation with observation_y:  [[0.00600238]] 
