Configuration Settings:

 hyperkernel_type: matern_harmonic_kernel 	kernel_type: SE 	char_length_scale: 0.3 	sigma_len: 0.0001 	sigma_len_bounds:  [0.1, 1] 	signal_variance_bounds: [0.1, 1] 
number_of_samples_in_X_for_grid: 4 	number_of_samples_in_Xs_for_grid: 5 	number_of_test_datapoints: 100 	noise: 0.0 
hyper_lambda 0.1 	random_seed: 400 	max_X: 1 	min_X: 0 	max_Y: 2 	min_Y: 1 
bounds: [[0, 1]] 	number_of_dimensions: 1 
signal_variance: 1 	number_of_basis_vectors_chosen:  1 	basis_weights_bounds: [0.1, 1] 
number_of_subspace_selection_iterations: 5 	number_of_iterations_best_solution: 5 
number_of_init_random_kernel_y_observations: 4 	acq_fun_list: ['UCB'] 
Length scale bounds:  [[0.1, 1]] 	number of restart likelihoods:  100 	hyper_char_len_scale:  0.1 
Dataset:  auto 

###################################################################
 
Generating results Start time:  042318_29052021 




Mean:  [4.91630186e-01 1.64182801e-04 1.16374004e-04 8.90831074e-05
 4.93343885e-01 1.27011352e-04 8.10810809e-01 3.71136086e-01
 3.10295018e-01 1.52672288e-01 7.75956813e-05 6.80369083e-05
 5.10953168e-05 3.11344899e-04 3.67688418e-01 8.55471221e-05
 9.39094959e-02 3.70887232e-05 1.98222610e-04 1.55971906e-04
 6.37037019e-02 7.23007777e-05 3.20077162e-01 1.38544100e-04
 3.20508268e-04 2.77246382e-04 2.19151391e-01 8.81530080e-05
 8.26570147e-05 2.66583392e-04 5.06796716e-01 3.00374730e-04
 2.20269447e-04 1.42285230e-04 8.42790469e-04 2.68950435e-04
 7.32610300e-05 6.45714805e-05 1.49587396e-01 2.10229385e-04
 3.14735226e-02 1.60624045e-01 4.60588490e-01 4.31506555e-01
 5.74928837e-02 6.44954740e-05 1.32406046e-01 2.01136857e-04
 1.97503257e-01 4.69404258e-01 7.55003331e-05 7.01645526e-05
 3.67510042e-01 2.37431589e-02 5.31826882e-05 5.68829036e-01
 1.08558890e-04 6.83870630e-05 5.44990168e-05 6.85532715e-05
 2.59680895e-01 1.48050752e-04 1.93114673e-04 5.06516314e-05
 3.03844069e-04 9.85663516e-05 1.61535394e-04 1.78318181e-04
 2.66234162e-04 4.69127838e-02 2.68492734e-04 1.08403823e-01
 2.67739954e-04 2.09318412e-04 2.28553434e-04 2.31981429e-05
 3.42617131e-02 8.56670938e-05 2.00194904e-04 8.63229830e-05] 
Variance:  [0.37102229 1.         1.         1.         0.53148293 1.
 0.08093219 0.55872689 0.30548325 0.0845696  1.         1.
 1.         1.         0.63886321 1.         0.64173827 1.
 1.         1.         0.9472675  1.         0.63820646 1.
 0.99999999 1.         0.32800945 1.         1.         1.
 0.03622199 1.         1.         1.         0.99998444 1.
 1.         1.         0.46641859 1.         0.9754712  0.89924678
 0.07425873 0.32865553 0.98499192 1.         0.08187491 1.
 0.27998523 0.4311261  1.         1.         0.15149064 0.97788779
 1.         0.10453236 1.         1.         1.         1.
 0.0250632  1.         1.         1.         1.         1.
 1.         1.         1.         0.98272488 1.         0.957854
 1.         1.         1.         1.         0.95045025 1.
 1.         1.        ] 
ys:  (80, 1) .....
 




Mean:  [2.53678417e-04 2.36262731e-01 3.33259383e-01 1.15786930e-04
 4.38473511e-05 5.35662888e-05 4.22542496e-05 2.86104731e-04
 2.59681539e-01 1.36906900e-04 1.31702215e-04 2.72080417e-04
 3.61389192e-01 2.99262387e-04 3.71113550e-01 9.07678647e-05
 1.93861998e-04 2.90259035e-04 2.51839764e-04 3.02112228e-04
 1.47451804e-01 7.56495838e-05 3.60615629e-01 4.93345670e-01
 9.91040853e-05 1.31576187e-01 1.87788783e-04 4.73451449e-01
 1.67071508e-01 5.63158094e-02 9.86883013e-05 7.43273966e-05
 1.58340868e-04 2.06217300e-04 2.76406543e-04 5.13274879e-01
 7.66965199e-05 6.16767038e-02 3.01337431e-04 2.12061482e-01
 1.67361300e-04 1.06074120e-04 1.60628556e-01 2.42557894e-04
 7.79124427e-05 2.68442520e-01 4.91627564e-01 1.03428168e-04
 6.65008952e-05 4.60632185e-01 1.55407428e-04 1.19177918e-04
 1.47032079e-04 3.20083299e-01 3.78597375e-05 2.09428507e-04
 7.54722313e-05 2.50539762e-01 9.10682612e-05 3.67693958e-01
 1.18532963e-04 6.34431262e-05 1.82810463e-01 1.61284200e-04
 1.51359334e-04 4.69406550e-01 4.33276369e-02 8.65016308e-05
 1.77690460e-04 2.91393049e-01 1.92318952e-02 7.20479414e-05
 4.40476554e-05 3.68352347e-02 9.02320007e-05 1.64015129e-04
 4.16470852e-01 5.01928015e-05 1.20792836e-04 3.88610186e-02] 
Variance:  [1.         0.53302902 0.51592964 1.         1.         1.
 1.         0.99999999 0.0250632  1.         1.         1.
 0.2787696  1.         0.10141564 1.         1.         0.99999999
 1.         1.         0.8617026  1.         0.16930566 0.53148293
 1.         0.95359828 1.         0.31795863 0.60534871 0.81821294
 1.         1.         1.         1.         1.         0.08680631
 1.         0.86491997 1.         0.80408861 0.99999999 0.99999999
 0.89924678 1.         1.         0.27962977 0.37102229 1.
 1.         0.07425873 1.         1.         1.         0.63820646
 1.         1.         1.         0.22881076 0.99999999 0.63886321
 1.         1.         0.55527542 1.         1.         0.4311261
 0.89411863 1.         1.         0.26235051 0.97919114 1.
 1.         0.97359124 1.         1.         0.15149064 1.
 1.         0.91489372] 
ys:  (80, 1) .....
 




Mean:  [1.67750804e-04 7.56585917e-02 1.53115165e-04 1.83833667e-01
 6.38078303e-05 3.49687895e-01 5.87934951e-02 1.23437931e-01
 7.60136026e-05 1.00926936e-04 3.76871476e-05 3.67697314e-01
 1.96976490e-04 1.03151488e-04 1.75682057e-04 5.81337335e-01
 2.14577980e-01 3.48276593e-01 2.43875263e-04 1.44251187e-04
 2.24557185e-04 5.41719640e-01 3.35656209e-01 1.89943360e-01
 1.61974121e-04 2.62449131e-04 2.71240170e-01 2.16955997e-01
 4.76361072e-01 2.45625567e-04 1.97160476e-04 3.01849331e-04
 5.81684732e-01 5.48908311e-05 2.54778004e-04 1.48805325e-04
 7.77861872e-05 4.79815777e-05 2.80889807e-02 1.10510876e-04
 4.15072653e-01 1.07258992e-04 4.57349444e-05 2.64482258e-04
 3.77144695e-02 1.03574536e-04 6.22306358e-03 2.47950083e-04
 5.61210999e-01 3.06587744e-01 2.69504067e-04 1.13611549e-04
 3.12787315e-01 5.85409993e-05 4.37043051e-01 2.82583069e-04
 5.30749047e-05 1.33143533e-04 1.52103164e-04 2.01207589e-04
 3.22058834e-01 2.27189051e-01 1.52624656e-04 2.84743850e-04
 2.82152798e-04 4.93548426e-01 2.13745683e-04 1.36469279e-04
 7.50590263e-05 8.99670829e-02 7.23796571e-02 1.19389207e-04
 2.27444439e-04 1.44811547e-01 7.86586170e-02 2.50443906e-04
 2.78466719e-04 1.29676367e-04 1.51769401e-04 1.56994532e-04] 
Variance:  [1.         0.9777111  1.         0.60534871 1.         0.52138571
 0.63792249 0.06001767 1.         0.99999999 1.         0.63886321
 1.         1.         1.         0.08093219 0.04723021 0.09868839
 1.         1.         1.         0.4311261  0.31707677 0.5556673
 1.         1.         0.68613917 0.3282715  0.27275325 1.
 1.         1.         0.07407923 1.         1.         1.
 1.         1.         0.98272488 1.         0.26811376 1.
 1.         1.         0.98499192 1.         0.9998404  1.
 0.10453236 0.24760083 1.         1.         0.77593266 1.
 0.53148293 1.         1.         1.         1.         1.
 0.08511259 0.82723184 1.         1.         1.         0.12328295
 1.         1.         1.         0.54248534 0.97775741 1.
 1.         0.06695075 0.52373074 1.         1.         1.
 1.         1.        ] 
ys:  (80, 1) .....
 




Mean:  [2.43127869e-04 2.24686815e-01 1.08794226e-04 9.85043906e-05
 3.68325470e-02 2.43872463e-01 1.68096226e-04 4.93551804e-01
 5.73728300e-05 2.88005874e-04 9.37244118e-05 1.81430645e-04
 2.30815413e-04 2.48702954e-01 2.10180859e-01 2.16477721e-04
 1.53895641e-01 2.40867252e-04 2.25814023e-04 1.45773437e-04
 2.58024697e-04 2.51135964e-04 7.86548187e-02 3.43346970e-05
 1.05000217e-04 7.68732922e-05 1.04939092e-04 8.10444089e-05
 4.38228755e-01 1.12119527e-04 5.41726391e-01 1.45366653e-04
 3.23855666e-05 5.25468531e-02 1.77339424e-04 1.57116331e-01
 1.41673820e-04 2.36487173e-04 4.60631790e-01 1.60610861e-01
 1.80703852e-04 1.01433482e-04 8.88898330e-05 1.46301412e-04
 1.48885381e-04 9.68121175e-05 8.64942546e-02 8.23636396e-05
 4.57420510e-01 1.60034340e-01 5.81337107e-01 1.27980337e-04
 9.90667803e-05 6.12858331e-01 2.63809184e-04 2.60043007e-04
 9.12416583e-05 3.22058812e-01 1.97649258e-04 1.13986594e-01
 1.23436503e-01 2.13568998e-04 1.67842327e-04 2.38305591e-04
 9.35699600e-02 4.91630778e-01 1.38436188e-04 2.09498917e-04
 2.45289990e-04 9.30394462e-05 1.86779238e-04 1.08008088e-04
 2.57657047e-04 2.95297298e-04 1.31476737e-04 9.38542044e-05
 4.05962844e-01 2.43449133e-05 2.67208494e-04 1.63653733e-01] 
Variance:  [1.         0.18449832 1.         1.         0.97359124 0.30548325
 1.         0.12328295 1.         1.         1.         1.
 1.         0.02444534 0.38794745 1.         0.4952278  1.
 1.         1.         1.         1.         0.52373074 1.
 1.         1.         1.         1.         0.55872689 1.
 0.4311261  1.         1.         0.98663178 1.         0.08295097
 1.         1.         0.07425873 0.89924678 1.         1.
 0.99999999 1.         1.         1.         0.3392232  1.
 0.05355483 0.64693239 0.08093219 1.         1.         0.02205747
 1.         1.         0.99999999 0.08511259 1.         0.82555112
 0.06001767 1.         1.         1.         0.9472675  0.37102229
 1.         1.         1.         0.99999999 1.         1.
 1.         1.         1.         1.         0.43775389 1.
 1.         0.53302902] 
ys:  (80, 1) .....
 




Mean:  [1.40660641e-04 2.63427785e-04 1.25068194e-01 2.89229585e-04
 6.05528053e-05 8.59088964e-05 5.61906623e-02 2.68610920e-04
 2.39951104e-01 1.84218613e-04 5.63162998e-02 1.78924801e-04
 2.24887878e-04 1.10007472e-04 2.64076334e-04 1.47488862e-04
 1.89648224e-04 1.97503495e-01 5.94089285e-05 1.83738184e-04
 2.48321273e-04 9.83360749e-05 4.20471914e-05 6.13547122e-05
 8.08844176e-05 1.60561043e-01 4.36125141e-01 1.27444622e-04
 1.50117466e-04 7.61705089e-05 4.73449183e-01 4.60630942e-01
 1.59957902e-01 4.53780292e-01 7.92835054e-05 2.41571984e-04
 1.95403647e-04 1.57115563e-01 2.47948844e-04 2.88537289e-01
 1.97009359e-04 7.02389482e-05 2.34493990e-04 6.79979982e-02
 3.05642608e-04 2.53212751e-04 4.28500930e-01 1.60951504e-04
 2.39244294e-04 2.57966011e-01 2.89442268e-04 5.53021816e-05
 8.96867504e-05 1.63665196e-01 2.41738959e-04 1.07811651e-01
 5.51276868e-01 2.39790843e-01 1.80389615e-04 2.44988423e-01
 1.09838905e-04 5.81340593e-01 4.93342284e-01 8.58808818e-02
 2.28791518e-04 8.66846869e-05 6.42850984e-05 1.05087456e-04
 1.22058196e-01 9.38757559e-05 2.46422380e-04 3.98837952e-01
 2.47750228e-04 6.10633109e-05 1.55546946e-04 9.88826323e-05
 1.46381434e-04 8.41296421e-05 1.08580405e-04 1.20612147e-04] 
Variance:  [1.         1.         0.45300418 1.         1.         1.
 0.94502913 1.         0.63820646 1.         0.81821294 1.
 1.         1.         1.         1.         1.         0.27998523
 1.         1.         1.         1.         1.         1.
 1.         0.64977304 0.48132513 1.         1.         1.
 0.31795863 0.07425873 0.42415481 0.11623578 1.         1.
 1.         0.08295097 1.         0.80408861 1.         1.
 1.         0.27722507 0.99999999 1.         0.13109765 1.
 1.         0.80955441 1.         1.         1.         0.53302902
 1.         0.8617026  0.10586707 0.63886321 1.         0.46868013
 0.99999999 0.08093219 0.53148293 0.34851888 1.         1.
 1.         0.99999999 0.33017493 1.         1.         0.57491237
 1.         1.         1.         1.         1.         1.
 1.         1.        ] 
ys:  (80, 1) .....
 




Mean:  [9.28392522e-05 2.98018800e-04 3.67688131e-01 1.15442571e-04
 1.18948184e-04 1.20938331e-04 8.09125060e-05 2.55095317e-04
 3.20082238e-01 4.52924663e-05 2.84265450e-04 5.74731480e-02
 2.46432524e-04 7.82945082e-05 1.64844935e-04 2.45068131e-04
 1.61774040e-04 1.98815534e-04 5.68829399e-01 2.67928836e-04
 8.61283937e-03 1.70207007e-04 2.47502336e-04 3.35657330e-01
 4.33061671e-01 1.42459834e-04 1.73622516e-04 1.81951256e-04
 1.45175830e-04 3.03395346e-02 2.67627421e-01 2.88529212e-01
 3.05044172e-04 2.28360974e-01 2.86689389e-01 1.46263458e-01
 3.68058231e-01 4.40488749e-05 4.51517176e-01 1.48618709e-04
 4.60587907e-01 1.44833756e-04 2.57386622e-04 2.43881009e-01
 1.46805401e-04 7.45259243e-05 9.35581161e-05 2.43387881e-04
 7.10693384e-05 2.72499455e-05 7.75144967e-05 2.49985921e-04
 4.39145493e-02 1.71102943e-01 2.38289719e-04 1.40976825e-04
 1.44971162e-04 7.87323179e-02 3.42918554e-01 3.98832432e-01
 7.85545232e-05 1.38457205e-04 2.05085795e-04 2.13970092e-04
 9.48808330e-05 1.39345503e-04 2.68702786e-01 2.31771201e-04
 8.14474922e-05 2.57718457e-04 2.53870842e-04 2.64109717e-04
 1.25084129e-01 1.67198025e-04 1.35113989e-04 6.61397258e-05
 1.39841326e-04 3.60271912e-05 1.80815340e-04 1.44110425e-04] 
Variance:  [1.         0.99999999 0.63886321 1.         1.         1.
 0.99999999 1.         0.63820646 1.         1.         0.98499192
 1.         1.         1.         1.         1.         1.
 0.10453236 1.         0.9975451  1.         1.         0.31707677
 0.42655224 1.         1.         1.         1.         0.97359124
 0.16111951 0.80408861 1.         0.18063976 0.03116355 0.1781519
 0.58578831 1.         0.7272624  1.         0.07425873 1.
 1.         0.30548325 1.         1.         1.         1.
 1.         1.         1.         1.         0.89308476 0.87892947
 1.         1.         1.         0.46628153 0.05312464 0.57491237
 1.         1.         1.         1.         1.         1.
 0.08358354 1.         0.99999999 1.         1.         1.
 0.06032308 1.         1.         1.         1.         1.
 1.         1.        ] 
ys:  (80, 1) .....
 




Mean:  [8.22490604e-05 1.80791079e-04 7.09785799e-05 1.21982982e-01
 8.95667522e-05 1.11647468e-04 2.62092892e-04 2.03081020e-01
 4.04573234e-02 2.13370692e-01 2.36662155e-04 4.37025246e-01
 1.22057982e-01 2.76222158e-04 2.28612598e-04 1.94092824e-04
 3.67684790e-01 7.34628976e-05 4.60586924e-01 3.77339403e-02
 1.60619165e-01 8.09402684e-05 1.38208399e-04 2.13258557e-04
 5.37110075e-05 2.09613048e-04 1.68489079e-01 1.63655990e-01
 2.25163119e-03 3.20082563e-01 2.48028049e-04 3.51265033e-01
 5.49740068e-05 2.68703017e-01 2.40958078e-04 1.63454686e-04
 2.77912488e-01 1.61960366e-04 3.84298247e-05 3.48276827e-01
 2.54740038e-04 2.57421830e-04 2.77940914e-01 8.68502171e-05
 1.36013640e-01 7.53181056e-05 8.58821925e-02 7.77638728e-05
 2.48801702e-04 2.18775637e-04 1.24378424e-01 1.00135521e-04
 2.89008833e-01 1.59010375e-04 2.19545449e-04 4.46722851e-05
 2.29149362e-04 7.41084022e-05 2.70218904e-04 1.18853113e-04
 8.62485978e-02 2.64023019e-01 2.20357267e-04 7.03958158e-05
 1.94381044e-04 2.18966243e-01 1.51135931e-04 2.39908257e-04
 4.40031219e-05 6.40032919e-05 1.83874526e-04 2.59220416e-04
 1.32928378e-04 8.98279787e-05 1.95057414e-01 4.01080974e-05
 2.21853258e-04 8.10814887e-01 1.91880006e-04 2.98462069e-01] 
Variance:  [0.99999999 1.         1.         0.68136122 1.         1.
 1.         0.21227174 0.7513566  0.1597507  1.         0.53148293
 0.33017493 1.         1.         1.         0.63886321 0.99999999
 0.07425873 0.98499192 0.89924678 1.         1.         1.
 1.         1.         0.87889866 0.53302902 0.99962206 0.63820646
 1.         0.59883076 1.         0.08358354 1.         1.
 0.7272624  1.         1.         0.09868839 1.         1.
 0.81049836 1.         0.95471019 1.         0.34851888 1.
 1.         1.         0.08389759 1.         0.51754746 1.
 1.         1.         1.         0.99999999 1.         1.
 0.69456927 0.58955988 1.         1.         1.         0.47238898
 1.         1.         1.         1.         1.         1.
 1.         1.         0.83377805 1.         1.         0.08093219
 1.         0.20783233] 
ys:  (80, 1) .....
 




Mean:  [2.07098821e-04 5.34957412e-03 4.16474519e-01 1.60680732e-01
 2.00018618e-04 5.50988418e-01 2.82253388e-04 2.88517577e-01
 1.24376434e-01 1.47449606e-01 1.45253524e-04 3.22117462e-05
 7.30685861e-05 2.03331682e-04 4.88499378e-01 8.53771154e-05
 1.76850599e-01 4.47534457e-01 2.05871181e-04 9.29799996e-05
 8.47377178e-05 3.09299092e-01 1.56655267e-04 1.81684039e-04
 2.50926719e-04 7.37193546e-05 9.50936593e-05 1.23435864e-01
 7.42218551e-05 4.99162058e-02 6.02408060e-03 6.79875586e-05
 4.44269876e-05 1.58990628e-04 1.41230313e-04 2.28361825e-01
 8.62468864e-02 1.62171599e-04 2.11530440e-04 1.73630190e-05
 3.70308902e-05 2.36674406e-04 5.22637299e-05 3.61390271e-01
 2.13430508e-04 6.67977958e-05 7.02467169e-05 1.30492370e-04
 1.25309871e-04 3.36124293e-01 3.35660415e-01 1.07967338e-04
 2.19933984e-04 2.90008512e-04 4.93553295e-01 9.35856909e-02
 2.82865555e-04 3.25571896e-05 8.51019230e-05 2.64088187e-04
 8.14956539e-05 2.93173657e-04 1.38722833e-04 6.16738594e-02
 2.14899777e-04 4.12782880e-01 5.04286172e-01 3.21845090e-05
 1.76943366e-04 4.36134561e-01 9.49583400e-05 1.73322273e-04
 1.75713776e-04 3.12797263e-01 2.18160499e-04 1.44811867e-01
 1.49807438e-04 8.50066367e-05 2.44482234e-04 1.84000096e-04] 
Variance:  [1.         0.9975451  0.15149064 0.89463814 1.         0.15328248
 1.         0.80408861 0.08389759 0.8617026  1.         1.
 1.         1.         0.19738423 1.         0.62100291 0.11820998
 1.         1.         1.         0.3283976  1.         1.
 1.         1.         1.         0.06001767 1.         0.94502913
 0.99962205 1.         1.         1.         1.         0.18063976
 0.69456927 1.         1.         1.         1.         1.
 1.         0.2787696  1.         1.         1.         1.
 1.         0.14273998 0.31707677 1.         1.         1.
 0.12328295 0.9472675  1.         1.         1.         1.
 0.99999999 0.99999999 1.         0.86491997 1.         0.27275325
 0.2958879  1.         1.         0.48132513 1.         1.
 1.         0.77593266 1.         0.06695075 1.         1.
 1.         1.        ] 
ys:  (80, 1) .....
 




Mean:  [2.24226889e-03 6.52060609e-05 2.12295937e-04 1.11731875e-04
 6.36842848e-02 1.11173714e-04 9.93558300e-05 2.50531503e-04
 4.28068925e-05 9.47248968e-05 1.21152583e-04 1.46263145e-01
 1.18736436e-04 2.63971042e-04 8.58812286e-02 1.02268102e-04
 1.62895362e-04 1.49506197e-04 9.65041344e-05 2.71235248e-04
 5.35265539e-03 1.30776960e-04 1.61649855e-04 1.24378398e-01
 4.34322506e-05 2.80914226e-02 1.07809240e-01 1.72205464e-04
 9.19930082e-05 6.20052315e-05 6.37655767e-01 2.14173971e-04
 1.78332969e-04 9.24143146e-05 5.61215232e-01 1.22053806e-01
 4.25352955e-05 2.45007293e-04 2.27181642e-01 5.70103509e-01
 2.65126980e-04 5.35564247e-02 2.89074728e-04 2.27002744e-04
 1.68198665e-04 2.52452596e-04 2.54799977e-04 1.95555812e-04
 4.60631394e-01 1.45713406e-04 1.35581071e-04 1.77150874e-01
 1.16665203e-04 4.76370783e-01 1.47125321e-04 2.69016201e-04
 6.29053041e-05 1.46336893e-01 1.43806789e-04 1.13280474e-04
 1.64874960e-04 9.07992187e-05 2.52956858e-04 2.42645549e-01
 2.91250349e-04 1.27274538e-01 2.88996153e-01 1.63651726e-01
 8.47802366e-05 3.29480376e-02 2.77910559e-04 7.69040042e-03
 1.17013026e-04 3.09581904e-04 2.18898032e-05 8.52538398e-05
 1.42068482e-01 3.09293897e-01 2.85556506e-04 1.08437219e-04] 
Variance:  [0.99962206 1.         1.         1.         0.9472675  0.99999999
 1.         1.         1.         1.         1.         0.1781519
 1.         1.         0.34851888 1.         1.         1.
 1.         1.         0.9975451  1.         1.         0.08389759
 1.         0.72197654 0.8617026  1.         1.         1.
 0.05459536 1.         1.         1.         0.10453236 0.33017493
 1.         1.         0.82723184 0.18838819 1.         0.83781787
 1.         1.         1.         1.         1.         1.
 0.07425873 1.         1.         0.7377791  1.         0.27275325
 1.         1.         1.         0.03970931 1.         1.
 1.         1.         1.         0.50776003 1.         0.08383669
 0.51754746 0.53302902 1.         0.61742979 1.         0.97919114
 1.         1.         1.         1.         0.07869834 0.3283976
 1.         1.        ] 
ys:  (80, 1) .....
 




Mean:  [4.37060183e-01 7.61267966e-05 1.16508772e-04 1.46337689e-01
 3.67697178e-01 8.01108386e-05 1.42335923e-04 2.78873801e-01
 2.57386483e-04 1.62332444e-04 6.12857237e-01 3.71133104e-01
 2.54759312e-04 9.88869014e-05 2.73066540e-04 1.56669028e-04
 5.61209287e-01 2.04587230e-04 3.48662046e-02 1.56128467e-04
 6.48724830e-05 8.25086428e-05 3.84261965e-02 3.17754825e-02
 1.07351113e-01 1.02724515e-04 4.54357645e-05 1.46745027e-04
 4.16475721e-01 4.73450192e-01 2.00982053e-04 7.53960128e-05
 4.69094165e-02 2.56341040e-04 1.10188536e-04 2.10368329e-04
 1.61493363e-04 9.58568728e-05 1.53895046e-01 5.41735379e-01
 2.97235952e-01 4.75044949e-05 2.34983872e-05 2.78082486e-04
 2.11403755e-02 2.42945248e-04 1.26912056e-04 1.62908889e-04
 2.74716962e-04 1.54939385e-04 4.76373550e-01 5.25655800e-02
 3.92278997e-05 3.66357803e-01 2.59681293e-01 7.45540761e-05
 1.60331067e-04 3.48278564e-01 7.37249772e-05 6.49892143e-05
 5.85113411e-05 2.43093854e-04 5.34970833e-03 5.27173123e-05
 1.29637511e-04 4.06973090e-01 3.61393638e-01 7.61528758e-05
 1.35009185e-04 8.40592486e-05 1.03521475e-01 2.78113640e-04
 1.82811567e-01 3.59117091e-05 1.07487400e-04 4.76529985e-01
 2.48747883e-04 2.68490023e-04 1.72480743e-04 1.51762948e-04] 
Variance:  [0.53148293 1.         1.         0.03970931 0.63886321 1.
 1.         0.61986533 1.         1.         0.02205747 0.55872689
 1.         1.         1.         1.         0.10453236 1.
 0.95464393 1.         1.         1.         0.95186177 0.91277263
 0.34851888 1.         1.         1.         0.15149064 0.31795863
 1.         1.         0.98272488 1.         1.         1.
 1.         1.         0.4952278  0.4311261  0.4317037  1.
 1.         1.         0.98177609 1.         1.         1.
 1.         1.         0.27275325 0.98663178 1.         0.14469616
 0.0250632  0.99999999 1.         0.09868839 1.         1.
 1.         1.         0.9975451  1.         1.         0.21284596
 0.2787696  1.         1.         1.         0.07053733 1.
 0.55527542 1.         0.99999999 0.19738423 1.         1.
 1.         1.        ] 
ys:  (80, 1) .....
 
