Configuration Settings:

 hyperkernel_type: matern_harmonic_kernel 	kernel_type: SE 	char_length_scale: 0.3 	sigma_len: 0.0001 	sigma_len_bounds:  [0.1, 1] 	signal_variance_bounds: [0.1, 1] 
number_of_samples_in_X_for_grid: 4 	number_of_samples_in_Xs_for_grid: 5 	number_of_test_datapoints: 100 	noise: 0.0 
hyper_lambda 0.1 	random_seed: 400 	max_X: 1 	min_X: 0 	max_Y: 2 	min_Y: 1 
bounds: [[0, 1]] 	number_of_dimensions: 1 
signal_variance: 1 	number_of_basis_vectors_chosen:  1 	basis_weights_bounds: [0.1, 1] 
number_of_subspace_selection_iterations: 5 	number_of_iterations_best_solution: 5 
number_of_init_random_kernel_y_observations: 4 	acq_fun_list: ['UCB'] 
Length scale bounds:  [[0.1, 1]] 	number of restart likelihoods:  100 	hyper_char_len_scale:  0.1 
Dataset:  yacht 

###################################################################
 
Generating results Start time:  042147_29052021 




Mean:  [ 0.22867586  0.59754883  0.01780296  0.01027088  0.23702409  0.56011053
  0.05733699  0.01209245  0.12185492  0.03161028  0.01668732  0.13738152
  0.44481182  0.01838072  0.05712864  0.09437842  0.0215217   0.01123784
  0.04441977  0.06444799  0.01166998  0.40337558  0.38976126  0.55973666
  0.07283893  0.01413627  0.07106567  0.60787051  0.20519781  0.01387782
  0.10264655  0.55409811  0.34147884  0.19642775  0.8472081   0.03765347
  0.07669607  0.78939547  0.02810828  0.00582591  0.02443934  0.01866621
  0.79198637  0.08106622  0.06038211  0.01194577  0.08691585 -0.02008318
  0.39441265  0.05493037 -0.00650861  0.01853751  0.57567224  0.00768477
  0.00433418  0.09132314  0.18160728  0.08853133  0.12749957  0.04559981
 -0.01138836  0.09853105] 
Variance:  [2.19971974e-09 3.22112530e-06 4.31682468e-11 3.27175953e-07
 1.23335585e-06 1.51692684e-06 1.36973017e-08 4.63514791e-07
 3.34516779e-08 4.31974345e-10 3.22570230e-07 7.52344197e-05
 4.33562780e-07 4.70807726e-10 1.90758298e-10 1.24104060e-11
 1.59911074e-07 9.59373403e-09 5.08787568e-10 7.75046693e-12
 4.72816065e-06 1.02988588e-05 2.97825883e-07 2.80355844e-06
 1.12553572e-08 4.21277346e-10 5.91215965e-12 8.59563263e-07
 1.29778477e-09 1.78486959e-09 1.81854531e-11 5.23196972e-04
 6.84806101e-10 1.41057454e-07 7.52763408e-06 1.02481357e-11
 4.15145746e-07 4.09636105e-07 2.43536772e-08 3.55356541e-06
 6.13379119e-07 5.33796340e-11 7.04781374e-06 6.53963179e-08
 5.49077450e-10 1.15305987e-10 5.98110450e-12 1.20658006e-06
 4.23771129e-10 6.90472300e-07 4.15017945e-07 4.25522284e-10
 1.67688879e-08 2.05412021e-09 1.08361913e-08 8.81224826e-09
 8.42394809e-06 1.26868183e-10 1.40500944e-09 2.85293200e-08
 5.82499899e-08 3.49127394e-11] 
ys:  (62, 1) .....
 




Mean:  [ 0.11922911  0.22279169  0.11189665  0.07296362  0.0209899   0.1340666
  0.04235994  0.23453723  0.08782016  0.01408691  0.77422715  0.60905706
  0.0220893   0.61873189  0.56199571  0.05577968  0.71800123  0.01931468
  0.04114302  0.02645291  0.47763951  0.00816959  0.34366748  0.04501477
  0.01972045  0.00978739  0.21910236  0.19817032  0.85477769  0.35636045
  0.56130608 -0.00160185  0.00807488  0.04353665  0.12156763  0.01939082
  0.53091586  0.02232689  0.0216309  -0.06884039  0.03332636  0.34060391
  0.03180276  0.01073432  0.01615225  0.04874873  0.01162825 -0.13162626
  0.08965184  0.20932409  0.18739136  0.13277953 -0.03993253  0.00986769
  0.09275655  0.79482859  0.36909455  0.05132709  0.03076864  0.00224355
  0.14316276  0.08153416] 
Variance:  [1.02184627e-09 2.23592811e-10 8.84048437e-04 5.45550741e-04
 4.42439840e-09 3.00202863e-10 9.38836786e-11 8.89638030e-10
 8.55880899e-09 3.56453878e-09 2.04711230e-05 1.00160840e-06
 3.36928041e-10 2.75750111e-04 7.20634449e-08 9.96923211e-10
 6.61549901e-07 1.38797307e-10 7.35494776e-10 7.20557525e-09
 7.22739340e-06 5.33785960e-09 2.36089726e-09 3.65474317e-12
 1.07011733e-10 1.41888251e-08 2.64148869e-08 3.00415232e-04
 1.28498582e-03 1.84840290e-08 1.01230367e-07 2.92578043e-07
 6.28691210e-10 6.46939893e-04 1.20330568e-09 1.26689776e-06
 1.95692245e-07 5.89078026e-04 1.02695793e-07 5.69475176e-07
 1.28422582e-03 5.78520477e-08 2.69448963e-09 1.22731392e-09
 1.56751679e-07 6.89514001e-10 7.08985948e-05 4.46498828e-06
 7.72748532e-12 1.24483783e-08 1.19380839e-09 1.37506773e-09
 6.68402622e-09 2.41383254e-04 3.77262666e-11 5.31224455e-06
 2.64015267e-08 1.93029659e-09 2.72536873e-08 3.39606194e-03
 4.13311374e-09 1.88811744e-10] 
ys:  (62, 1) .....
 




Mean:  [ 0.08247255  0.04521011  0.64462847 -0.06218156  0.03410446  0.03789113
  0.11639194  0.04454345  0.03870536  0.01682409 -0.07263002  0.08851484
  0.53165966  0.32140909  0.21025711 -0.34033476  0.05986996  0.03549631
  0.045576    0.12334958  0.00685535  0.11087987  0.0891457   1.07720535
  0.68568503 -0.24344426  0.24126446  0.10068324  0.02746454  0.00645031
  0.04858282 -0.03803388  0.21181299  0.35178046 -0.00166642  0.04314542
  0.03802614  0.1941723   0.91459351  0.0216163  -0.0238403   0.27823186
  0.63334667  0.02468647 -0.01997114  0.57524214 -0.50287845  0.33960006
  0.36703464 -0.02677525  0.00915418  0.01768945  0.07092087  1.13357001
  1.17090848  0.14475088  0.10633273  0.0430002   0.03799959  0.12370367
  0.33557263  0.05333972] 
Variance:  [4.52285454e-07 3.66795483e-12 4.57768112e-07 2.26024828e-06
 1.43558276e-10 2.03667109e-07 4.96219732e-10 1.92238558e-10
 1.85696476e-07 5.35655876e-07 2.22840645e-08 5.98077143e-12
 6.58562060e-09 2.36697739e-09 5.41361059e-08 8.72854702e-05
 3.24135696e-09 2.55907319e-07 1.23054386e-07 1.06616715e-10
 5.13213627e-08 1.41047340e-09 7.53608287e-12 1.61734646e-03
 4.54799544e-07 3.35960160e-05 5.45862319e-04 3.77925469e-11
 6.31309449e-11 4.98660406e-07 5.60096414e-12 6.39415298e-09
 2.33134629e-05 4.23661328e-10 4.69541802e-07 2.26212550e-08
 1.03106755e-06 2.24914989e-08 1.04262075e-02 4.79245288e-09
 3.19053872e-09 1.00799119e-07 8.88933386e-04 9.89683890e-11
 8.86933860e-10 1.49015531e-05 6.96772750e-05 4.86610618e-09
 1.10557741e-08 6.94496320e-06 1.79792331e-08 1.00203390e-09
 7.45227549e-08 7.50879356e-06 3.95748432e-04 2.22601881e-09
 9.00321595e-10 1.79189541e-09 7.45441510e-07 3.54579548e-06
 6.09089806e-07 4.19762003e-11] 
ys:  (62, 1) .....
 




Mean:  [ 0.14731116  0.09862257  0.02869169  0.56337462  0.07110285  0.16219751
  0.03117444  0.32403446  0.00881915  0.08064499  0.42494744  0.05997814
  0.06152337  0.14237837  0.37452412  0.00273967  0.04384614  0.04441544
  0.3112151   0.01775098  0.02313714  0.03734506 -0.04932523 -0.01592008
  0.07484884  0.31417725  0.03022322  0.02961057  1.11850605  0.55857252
  0.21906097  0.53261725  0.06388753  0.12454615  0.02518431  0.05721133
  0.13262342  0.03827549  0.07350408  0.06348907  0.51635666  0.11189253
  0.23242869  0.00761108  0.21625939  0.20677098  0.04195512  0.0375236
  0.13309812  0.59020733  0.07764977  0.38451186  0.01185309  0.03592036
  0.04934566  0.0486048   0.15087358  0.02048759  0.06940186  0.27303588
  0.01212144  0.9228159 ] 
Variance:  [1.37855594e-09 2.15493281e-03 3.25797500e-10 2.83156227e-06
 1.62139028e-08 4.25803307e-07 7.60581598e-11 6.82482515e-10
 5.23822184e-05 1.99646300e-03 2.43204223e-05 4.96484809e-09
 2.68611910e-10 9.12027553e-08 1.98286509e-06 4.48047743e-09
 1.12114051e-09 4.40091161e-04 2.36301212e-08 4.37193726e-10
 4.22551438e-10 1.11794017e-07 2.11238382e-06 5.35606461e-08
 1.70281667e-09 6.71035127e-09 7.01616432e-10 1.02302611e-11
 1.91915343e-05 4.89448726e-07 3.74459411e-08 7.09020809e-09
 2.75574846e-08 8.16909873e-11 1.81012133e-05 1.25039978e-11
 1.72316039e-09 2.17475593e-10 1.84220594e-09 1.27126143e-09
 9.45921186e-09 1.23232630e-06 1.38013795e-07 1.06396170e-08
 8.30652602e-09 9.61747559e-09 8.69546277e-08 5.24574575e-06
 1.45602419e-11 1.33455260e-05 7.67057217e-07 2.14625557e-08
 1.25778776e-09 3.27586969e-09 3.64730468e-12 1.77738679e-09
 5.54806623e-09 1.50874868e-11 4.26483404e-10 5.98723293e-11
 1.75006565e-10 1.69995271e-05] 
ys:  (62, 1) .....
 




Mean:  [ 7.23980216e-02  1.89321261e-02  2.01218377e-01  9.66003753e-01
  1.10353298e-01  8.64643509e-01  3.99852599e-02  2.62365362e-02
  9.88301273e-03  2.26850585e-01  1.23067600e-01  3.10203091e-02
  3.23836130e-02  2.94087839e-01  1.26098263e-01 -2.43784112e-03
  4.11423328e-01  1.77775146e-02  5.28547572e-02  1.06317773e-01
  1.02868510e-01  1.13311963e-01  9.08032645e-02  5.19180777e-02
  8.78033407e-02 -1.30616377e-02  9.18806312e-04 -8.61991866e-03
  9.68139929e-02  2.85862006e-02  1.65804385e-01  5.33338651e-01
  4.54812577e-01  6.27133603e-02  6.38759117e-01  1.91570655e-02
  3.27851117e-02  4.34590712e-01  4.65364576e-02 -1.41243395e-01
  7.67145149e-01  1.39061007e-01  2.86887459e-01  1.19507951e-02
  2.88716725e-02  1.70937530e-02  1.32913917e-02  9.27663898e-02
  3.46871272e-02  6.88023863e-02  4.41757874e-02  5.97129018e-02
  3.80113103e-01  6.32604945e-01  6.10804765e-01 -1.50292622e-03
  1.82671992e-02  8.23696929e-02  6.06192465e-02  4.12302113e-02
  2.74550113e-01  1.00886542e-01] 
Variance:  [1.08367984e-07 7.33597294e-10 5.77913273e-11 9.47029470e-06
 6.80879656e-08 3.46490780e-06 3.66795483e-12 7.51321505e-09
 2.86265700e-09 3.38055334e-06 1.50672808e-11 1.88487337e-10
 1.87126192e-09 1.55995763e-06 5.04202013e-10 1.40396517e-09
 2.51557485e-07 2.04061685e-07 1.83937456e-05 3.10483712e-08
 1.51526450e-07 1.49907864e-11 2.61290767e-09 3.67028630e-12
 3.81783216e-09 2.04765556e-06 1.62965241e-07 1.88510334e-07
 1.95943332e-05 8.94642138e-11 9.93735625e-05 2.00922278e-05
 7.29816732e-07 2.88472257e-09 3.83503307e-06 2.41781615e-08
 2.67100964e-07 8.34913460e-05 5.42297307e-09 1.57837999e-05
 3.16331409e-06 1.41673421e-06 1.65210945e-08 1.28037811e-08
 3.00542283e-06 3.81835319e-09 1.90195002e-08 3.09484882e-10
 2.07274793e-07 2.33250863e-10 1.37472256e-11 8.94925993e-07
 5.77806901e-08 1.31733781e-08 7.96310975e-07 1.34246481e-09
 1.50739421e-11 1.85814142e-10 2.32596942e-10 6.88472446e-07
 1.73860657e-04 1.85497284e-10] 
ys:  (62, 1) .....
 




Mean:  [ 0.69544341  0.11943307  0.00273754  0.02551374  0.03333481  0.01757448
  0.009457    0.09707115  0.05412943  0.02808816  0.18235488  0.05559502
  0.2836138   0.04583847  0.2076767   0.07604366  0.32203081  0.30324952
 -0.1186264   0.30999595  0.0261326   0.01218     0.31529876  0.03797619
  0.68584166  0.03969196  0.71307599  0.01636522 -0.06988735 -0.08493358
  0.0684295   0.00886674  0.05362612  0.01107048 -0.11491238  0.01987113
  1.48788051  0.03131636  0.01110613  0.07869993  0.01643494  0.02980564
  0.01595206  0.01880924  0.66836362  0.23080609  0.04507829  0.23039573
  0.07701963  0.05016034  0.12293897 -0.0342552   0.0431163   0.19723435
  0.30640279  0.05509838 -0.02780782  0.50973243  0.08699014 -0.06039032
  0.0374576   0.07402356] 
Variance:  [1.29763334e-06 8.33086156e-10 1.29930100e-09 3.73795217e-10
 2.19185350e-06 1.49629198e-11 7.26512600e-07 9.01523300e-11
 6.67280009e-10 2.81470054e-08 9.07950514e-08 1.10875521e-08
 6.27095402e-05 6.34663433e-11 1.13393784e-04 4.76857820e-09
 3.59516425e-07 7.79785742e-08 7.61566471e-07 4.78512405e-05
 1.73535519e-10 6.86472890e-09 1.49031860e-07 3.79159095e-08
 6.53941445e-09 4.43565121e-08 2.20076450e-06 1.63663373e-07
 1.09922525e-03 2.29797151e-05 1.23284716e-11 5.88957771e-11
 2.59057938e-07 4.97496494e-08 3.22414133e-06 6.10723139e-10
 1.72650180e-04 2.55841792e-10 1.10039230e-06 7.83701992e-11
 1.71454517e-10 8.85214457e-10 2.78351205e-06 3.47049246e-07
 3.57765181e-06 1.34374400e-10 1.70868097e-10 1.04790016e-07
 1.72143020e-07 3.85673660e-07 1.50365276e-11 4.12571198e-07
 1.92296643e-07 6.30504393e-08 4.53243376e-09 5.30892441e-10
 5.04833183e-08 1.18055473e-06 8.43166648e-11 1.20344159e-06
 1.34465772e-11 1.76827758e-07] 
ys:  (62, 1) .....
 




Mean:  [ 4.35509038e-02  4.27757461e-01  1.04335809e+00  4.88493973e-02
  5.28878467e-01  1.61621464e-01  1.82826547e-02  4.56152634e-01
  2.30303570e-01  4.11297967e-01  7.65590549e-02 -3.27117340e-02
 -1.81436890e-02  1.57992992e-02  8.53566711e-01  3.46511415e-02
  6.64093360e-02  2.22951388e-01  1.45181641e-02  2.79733272e-02
  8.50685988e-01  7.75699270e-01  1.34375630e-01  2.73209174e-01
  5.32736491e-01  1.68203240e-02  2.02270174e-02  9.48748598e-02
  1.40347041e-01  4.24339248e-01  8.65240670e-03  5.75093241e-02
  1.36264814e-02  6.67612252e-03  1.27685328e-02  8.35562285e-01
  2.28962167e-02  4.57882022e-03  1.63964476e-02  2.05126897e-01
 -3.98206492e-02 -3.36301626e-02  1.38565640e-01  1.28868839e-01
  1.48757198e-02 -4.56919106e-03  3.04716242e-01  4.61989361e-02
  2.74870984e-02  8.48587870e-03  1.88400482e-03  3.45489267e-02
  7.39101242e-02  9.65648276e-01  1.79524970e-02  2.35317629e-01
 -6.00976584e-03  2.86687820e-02  9.59033743e-04  2.21089664e+00
  6.60695799e-03 -2.87897169e-03] 
Variance:  [6.79640766e-09 4.99809127e-06 2.23730496e-04 1.23799870e-09
 2.60631543e-08 1.50487400e-11 1.54749586e-08 9.38860389e-06
 1.33769085e-09 4.46307495e-07 2.63673083e-10 6.90716929e-05
 2.62622047e-07 9.38626454e-09 3.07678002e-06 6.81351853e-09
 1.85917726e-10 7.01138037e-11 1.02037514e-08 1.20521237e-09
 4.85705283e-04 1.32123587e-05 1.69115204e-08 1.17510806e-06
 7.30402371e-07 2.84334044e-06 1.48728896e-09 2.04406980e-09
 1.93186679e-05 1.04756061e-06 3.87532082e-08 3.12186355e-09
 2.44200438e-10 3.34530543e-07 3.12959455e-08 7.09776448e-06
 2.67126659e-08 2.44672167e-08 5.73548095e-08 2.51434873e-10
 8.37366631e-07 1.30244208e-06 9.64966642e-08 3.34443262e-09
 3.35649830e-09 8.57029558e-10 4.24415170e-10 1.88631333e-11
 6.93622937e-11 4.99652986e-10 5.57448865e-10 2.98767566e-10
 4.64307315e-09 2.25386559e-06 1.04930787e-08 4.15572243e-10
 9.00170304e-07 2.41643813e-06 9.49222436e-08 2.81197353e-03
 5.98635586e-11 1.18475318e-06] 
ys:  (62, 1) .....
 




Mean:  [ 9.24641039e-01  2.64803151e-02  5.03685544e-02 -5.52323791e-02
 -6.28571946e-02  2.09553192e-01  5.55638108e-02  1.59471374e-02
  1.13483857e-02  3.97892865e-02  6.23279336e-03 -6.14223607e-01
  6.44194045e-01  3.24918628e-01  7.11948081e-01  2.34650194e-04
 -1.40629610e-01 -6.11837031e-02 -3.31630989e-01  1.26446814e+00
 -5.22728454e-02  1.41077037e+00 -4.36069002e-02  6.28044633e-02
  7.43224633e-01 -1.92284297e-02  2.97713292e-02  5.38379791e-01
  6.10218227e-01 -6.98947061e-02  3.02312646e+00  2.64046800e-02
  3.71885755e-01  3.25039355e-01  8.88119497e-01  4.02854169e-01
 -7.90637025e-03  7.11752699e-02  2.94844908e-02  7.16365106e-03
  7.87018635e-02  2.26259003e-02 -2.86203127e-04  5.24773635e-01
  2.55632389e-02  3.26488465e-01  2.13544096e-01  4.83797865e-03
 -1.80825504e-01  7.70444385e-01  1.09907045e-01  8.55168550e-02
  3.55651639e-02  1.22343129e-02  4.55271977e-01  2.08699717e-01
  5.48747561e-02  9.25299272e-02  6.34449226e-02  3.56242072e-02
  5.70360719e-02 -2.53067461e-03] 
Variance:  [1.71306468e-02 8.18822010e-10 1.27079014e-09 1.45021725e-07
 3.71599414e-07 2.92381785e-09 1.06961240e-09 1.50743037e-07
 1.41082257e-09 1.30332413e-06 1.85246452e-09 1.50825393e-05
 2.30670284e-03 7.90344253e-07 5.69719427e-06 6.28036279e-09
 5.87125926e-06 9.13594450e-08 3.77127112e-06 9.82620952e-05
 4.36220369e-06 4.53572999e-07 3.45436875e-06 4.47577531e-11
 6.63369953e-07 4.50606590e-07 2.08470660e-06 8.89875176e-08
 1.51861597e-07 8.77048600e-08 5.29469319e-04 7.21660509e-11
 2.36730921e-07 6.80683510e-10 1.86818946e-04 9.96011901e-05
 9.18179111e-09 4.66634953e-10 1.02029496e-11 3.70646180e-10
 2.43193099e-09 3.98624377e-07 1.76809234e-06 3.35334324e-08
 7.51381076e-08 1.32219036e-09 4.64810301e-10 2.75243841e-07
 2.98398210e-05 8.86623647e-05 8.45261638e-11 6.60561272e-10
 5.85553828e-12 6.19766534e-08 3.31935933e-08 1.84468590e-06
 3.56454851e-08 2.91595599e-04 4.66917970e-08 5.29123767e-09
 3.43133300e-11 3.77567085e-07] 
ys:  (62, 1) .....
 




Mean:  [ 2.95474895e-02  3.96693665e-03  1.33026534e-01  3.40428063e-02
  4.18397760e-02 -4.02238832e-02  2.77486616e-01  2.57248945e-01
  1.71373112e-01  1.02029338e+00  1.43867577e-01  4.44278898e-01
  1.19436386e-01  2.11413270e-02  1.97309974e-02  1.23526300e-02
  1.15626141e-01  6.35980834e-02  2.93538721e-01  6.18786306e-01
  1.11621486e-02  3.43029977e-01  5.49486174e-02  1.96013444e-02
  3.00776564e-01  8.84764664e-02  5.59265084e-02 -2.28090286e-02
  3.76631750e-01 -2.00600425e-03  4.07524203e-01  1.60163008e-01
  3.89488258e-02  3.47063091e-01  1.49824333e-02 -1.03970562e-02
  5.49697699e-01  1.56401293e-01  1.29715020e+00 -4.47412763e-03
  1.07780733e-01  1.46922008e-01  4.54538666e-01  5.90267188e-02
  1.16576438e-02 -1.17069263e-02  1.99424033e-01  5.77767859e-01
  1.94680563e-01  2.09645046e+00 -7.69298870e-02  1.16013214e-02
  2.33456543e-01  5.84457648e-03  4.98577661e-01  2.63577651e-01
  6.13219163e-03 -6.70625545e-01  5.40648148e-01  1.79221515e-02
  8.95755741e-02 -1.17502846e-01] 
Variance:  [5.18587373e-09 6.89086299e-09 2.67503353e-10 6.63515085e-08
 6.04998118e-09 5.72212341e-07 1.97879758e-07 4.27991975e-10
 3.20681148e-09 4.54936628e-06 1.47340073e-09 2.81738293e-04
 8.36474223e-11 2.28758901e-09 3.70661057e-10 1.49586265e-07
 4.74257995e-06 3.13079340e-10 4.31843339e-10 1.04351861e-04
 1.83323766e-08 4.11605409e-07 1.18445524e-08 1.54998330e-07
 2.54101752e-08 6.36330988e-11 1.70175762e-10 1.77199116e-06
 4.20547597e-10 9.64943524e-08 3.36769546e-07 1.46996698e-07
 2.54754107e-10 1.02104224e-08 9.60232893e-10 2.54972582e-06
 4.69768798e-08 3.25954572e-08 3.22123009e-06 1.72464408e-06
 5.32671129e-10 1.15381705e-05 7.66282698e-08 2.01749728e-10
 2.49982213e-09 1.02765007e-08 6.90660307e-10 3.39372498e-08
 7.14926063e-09 2.08248002e-05 9.01410226e-07 2.68171304e-08
 5.25893484e-09 7.86181898e-06 9.06125033e-08 2.24184402e-08
 1.17629539e-09 4.26187521e-04 6.83084644e-09 1.11665897e-08
 4.87443963e-09 3.87502194e-07] 
ys:  (62, 1) .....
 




Mean:  [ 2.22484569e-02 -7.02621874e-01  1.30714133e-02 -6.58795414e-02
  1.52168151e-02  1.40075414e-01  1.17780120e-01  9.25755473e-02
  5.29593116e-01  1.24156822e-01  6.94882410e-02  1.15068505e-01
  1.66907571e-01  7.16236166e-01  3.19054783e-03  1.33321689e-01
  2.07295008e-02  3.90013248e-01  8.13087134e-01  1.21500804e+00
  5.51556474e-01  3.12140512e+00  1.56028287e-02  7.06441717e-01
  5.80960779e-01  5.94671320e-02  6.53487529e-03  3.15219716e-01
  1.02455807e-01  1.13120687e-01  6.49080367e-02  4.15509890e-02
  3.86787521e-01  1.03616656e-01  3.25956243e-01  3.78716882e-02
  6.96940741e-02  1.62478596e-03  8.93292646e-02  1.10926402e-02
  1.91684492e-01  6.25828568e-03 -2.52659607e-01  1.30644225e-02
  4.75515585e-02  1.74945726e-02  1.48893145e-02  1.56025681e-02
  6.75090376e-02  4.63705253e-02  7.37574199e-03  4.96220847e-02
  5.66061446e-01  6.00830069e-02 -4.72953672e-03  1.49978063e-02
  7.46532047e-03  7.25886001e-02  2.52061363e-02  3.17071039e-01
  1.65454412e-01  7.79557600e-03] 
Variance:  [2.31066277e-10 3.09530761e-06 9.30387434e-10 6.90494806e-09
 2.83948642e-10 9.97972815e-11 2.79135159e-10 1.76510059e-06
 7.93546832e-06 1.49750212e-11 1.50593312e-07 1.52783562e-06
 6.43501363e-10 1.64123310e-06 1.66802883e-07 9.68402025e-11
 4.46865067e-06 4.53729551e-08 8.34618255e-05 2.97194456e-05
 8.75936457e-09 1.25077964e-03 1.57676916e-07 1.96715494e-04
 2.78269733e-08 3.36004558e-11 3.50795647e-05 1.93741549e-08
 6.40256936e-07 6.96041447e-10 7.22255811e-10 2.08700834e-11
 7.09560973e-06 7.45782103e-07 8.65945969e-07 7.72605790e-09
 7.80485143e-09 3.22632743e-09 8.27756552e-09 1.32481548e-09
 2.61438504e-09 1.71184578e-09 2.98314514e-07 5.78129481e-07
 3.90807891e-07 1.34571349e-08 9.13184881e-08 2.66650111e-08
 5.78215253e-12 7.13066184e-09 9.97095853e-08 1.80405357e-10
 4.31623296e-08 1.08686452e-08 9.87240630e-07 1.07468557e-08
 2.77673440e-10 1.53482890e-06 9.59223823e-09 3.39118883e-07
 2.61842089e-06 7.82751269e-08] 
ys:  (62, 1) .....
 
