Configuration Settings:

 hyperkernel_type: matern_harmonic_kernel 	kernel_type: SE 	char_length_scale: 0.3 	sigma_len: 0.0001 	sigma_len_bounds:  [0.1, 1] 	signal_variance_bounds: [0.1, 1] 
number_of_samples_in_X_for_grid: 4 	number_of_samples_in_Xs_for_grid: 5 	number_of_test_datapoints: 100 	noise: 0.0 
hyper_lambda 0.1 	random_seed: 400 	max_X: 1 	min_X: 0 	max_Y: 2 	min_Y: 1 
bounds: [[0, 1]] 	number_of_dimensions: 1 
signal_variance: 1 	number_of_basis_vectors_chosen:  1 	basis_weights_bounds: [0.1, 1] 
number_of_subspace_selection_iterations: 5 	number_of_iterations_best_solution: 5 
number_of_init_random_kernel_y_observations: 4 	acq_fun_list: ['UCB'] 
Length scale bounds:  [[0.1, 1]] 	number of restart likelihoods:  100 	hyper_char_len_scale:  0.1 
Dataset:  boston 

###################################################################
 
Generating results Start time:  042557_29052021 




Mean:  [0.43921723 0.32633545 0.55557263 0.34977226 0.10337261 0.36385822
 0.3600066  0.1758322  0.3894065  0.66002405 0.84950822 0.37108853
 0.3431147  0.92378247 0.64870613 0.38642347 0.01280318 0.45114075
 0.42877623 0.10190395 0.12933609 0.49465173 0.2905322  0.36788122
 0.34564455 0.52044533 0.08550454 0.44856837 0.43922391 0.51488125
 0.51993541 0.35436837 0.00883254 0.36179208 0.57078421 0.62509288
 0.32832896 0.37328483 0.32377858 0.55636484 0.16033883 0.10116237
 0.44544366 0.27530906 0.40408469 0.4816669  0.31891609 0.41622929
 0.46160845 0.01599527 0.2364656  0.45509899 0.20151442 0.41849885
 0.56001954 0.98472749 0.48303572 0.54663367 0.48810444 0.66410507
 0.29838712 0.27039912 0.07338814 0.28307862 0.54197137 0.32526236
 0.53707922 0.76941427 0.53858735 0.38326656 0.63303054 0.77499242
 0.575479   0.41423336 0.61158139 0.40280876 0.02978231 0.2306803
 0.38731379 0.5382864  0.39881356 0.36058938 0.26417935 0.30730809
 0.39735275 0.28217909 0.42185628 0.40145187 0.59970808 0.28522228
 0.35238587 0.3308709  0.51172864 0.0862922  0.75561502 0.38060783
 0.10587343 0.33654993 0.27683389 0.07906001 0.50436314 0.41238064] 
Variance:  [9.36478052e-03 6.51687322e-02 2.44156328e-02 2.65785062e-02
 7.88677831e-04 3.49792844e-02 7.04688940e-03 7.42098328e-03
 4.90582562e-01 5.87421904e-03 7.37700295e-02 1.13948136e-02
 9.19943421e-03 1.50904710e-02 1.55362015e-02 5.45784871e-02
 4.06663661e-02 2.93996558e-01 2.71712033e-02 8.61738457e-01
 2.76836765e-02 1.48154265e-01 8.92155689e-04 3.09420116e-03
 5.01696653e-02 1.01740055e-01 8.80277887e-04 3.47128178e-01
 2.69277785e-02 5.99989353e-02 2.06574381e-01 1.21684781e-01
 7.66111763e-01 1.84841573e-03 6.50780243e-02 3.01900663e-02
 7.72677651e-03 2.25472690e-01 5.34387361e-01 2.31395969e-01
 2.44720465e-03 8.35056034e-01 9.34835011e-03 2.98461261e-01
 4.16221024e-02 2.91664620e-02 4.27624909e-01 2.09931377e-01
 4.37719386e-02 1.09159685e-03 5.36409274e-01 6.78436826e-02
 8.61510293e-02 3.74560786e-02 3.00635707e-01 4.90187233e-02
 2.57312387e-01 2.34213656e-01 1.90903120e-02 2.19668721e-01
 3.81803521e-01 2.17015639e-02 8.28521750e-01 1.32327925e-01
 3.52168983e-02 3.60634744e-02 1.28251031e-01 9.53699867e-03
 4.59103233e-02 7.50554771e-03 2.82187378e-02 8.70222044e-02
 2.48152028e-01 4.33161803e-02 2.58310946e-01 3.48580713e-01
 9.81774956e-01 4.59364705e-02 3.79668938e-02 7.19730241e-02
 4.59757315e-03 1.67338372e-02 1.79615040e-01 6.73809757e-03
 3.71806908e-02 6.79417377e-02 1.70757161e-01 1.81435020e-01
 3.35800002e-02 6.55561415e-02 6.81035140e-03 1.11010558e-03
 6.05911568e-01 8.22346760e-01 3.29284383e-01 3.92825657e-02
 2.67276357e-01 5.42168637e-01 2.18447300e-01 2.89231271e-02
 9.66886431e-02 1.08068810e-01] 
ys:  (102, 1) .....
 




Mean:  [ 0.58802519  0.21056836  0.96551421  0.50386098  0.43400894  0.37681953
  0.32887151  0.45843317  0.17898911  0.28679627  0.31746552  0.08371713
  0.27518527  0.41591177  0.4565213   0.58269878  0.09752085  0.32639687
  0.15577195  0.25969929  0.28504489  0.36333883  0.50679254  0.07706819
  0.36967639  0.5803299   0.11496109  0.54699604  0.29339301  0.56562724
  0.11064801  0.30651346  0.21035527 -0.00999054  0.34737653  0.31659074
  0.24963706  0.22375098  0.20993358  0.3377368   0.17635112  0.30603432
  0.55746297  1.08580757  0.39263469  0.04457584  0.72959966  0.80441643
  0.33535483  0.30266222  0.44304118  0.0649009   0.43996336  0.3438906
  0.22169762  0.2396865   0.29516661  0.15416394  0.31297035  0.12806859
  0.6350314   0.2593587   0.43193353  0.45486465  0.18504842  0.43980589
 -0.00727293  0.84693677  0.10915973  0.23949224  0.33786995  0.33831103
  0.37876737  0.38113565  0.34048118  0.44372119  0.40959575  0.03275113
  0.48866448  0.32072073  0.08503229  0.38541218  0.31030716  0.32682148
  0.73331686  0.27017291  0.38029784  0.37493793  0.35579117  0.39966783
  0.31097006  0.37046273  0.52164872  0.1623751   0.40683657  0.26499169
  0.35051912  0.24304993  0.70639399  0.14231489  0.31807719  0.22515171] 
Variance:  [3.89526836e-02 6.04997662e-03 1.03848281e-02 4.45622020e-03
 1.58363460e-01 1.01882127e-02 3.59334456e-02 1.70864626e-02
 1.93104282e-02 6.54108976e-02 1.00954043e-01 9.44414076e-01
 1.16950226e-01 2.89338598e-04 3.01660521e-02 1.12108133e-01
 8.34323260e-01 2.24426431e-01 3.99068133e-04 8.03310596e-02
 8.63246187e-01 6.22334957e-03 1.20136863e-02 8.31245957e-02
 2.18837079e-01 8.84163623e-02 7.26342220e-02 2.18446297e-02
 7.85097804e-02 1.87439237e-01 3.61969300e-01 9.98065487e-03
 4.09445012e-02 1.68637617e-01 3.83982456e-03 1.08897555e-02
 1.31368708e-02 2.79109777e-02 5.13530889e-03 2.82464374e-01
 1.03761725e-01 8.06301930e-01 7.78298030e-02 3.15026825e-02
 1.17949744e-01 5.51407211e-02 1.87707534e-01 3.20590837e-01
 1.51373619e-01 5.58830977e-01 1.46676247e-01 1.04845901e-02
 1.92024716e-01 5.79542572e-02 5.48941709e-02 8.19323697e-02
 1.40981116e-02 6.25803951e-01 3.94093801e-02 7.68260377e-01
 2.57032562e-01 7.27769802e-01 9.65167918e-03 6.97904179e-02
 8.70123743e-01 8.30549256e-03 7.04042432e-01 2.93284756e-02
 4.36577366e-02 8.20355440e-02 7.81167649e-02 2.95543273e-01
 5.19137035e-03 2.29578356e-02 9.94279532e-03 2.89390456e-01
 1.44694571e-02 9.81791804e-01 3.36881018e-02 4.77382003e-01
 9.82679693e-03 2.54561521e-02 5.99770883e-02 9.17996268e-03
 2.67965607e-01 4.36258770e-03 6.85576461e-02 8.32405047e-02
 5.78640767e-03 2.86488250e-02 2.35005368e-01 4.90560276e-02
 1.51237292e-02 2.49366513e-01 5.80084401e-03 1.77070170e-01
 8.40851337e-02 2.57051837e-03 3.00091647e-03 1.74989005e-02
 3.24400316e-02 3.79215041e-04] 
ys:  (102, 1) .....
 




Mean:  [ 0.49373376  0.12708155  0.37637122  0.29280987  0.15224155  0.1251541
  0.16957898  0.17656958  0.89412942  0.2576418   0.34134698  0.06377142
  0.3719086   0.58144711  0.30898033  0.39942171  0.40127314  0.34605697
  0.09011618  0.43920657  0.66608292  0.16750284  0.07685863  0.93120453
  0.3451329   0.58927264  0.07629023  0.29509387  0.05852968  0.31301422
  0.18850916  0.31082845  0.69996043  0.15738187  0.67676651  0.46550211
  0.32388535  0.34139506  0.29704413  0.62817531  0.93235165  0.22383791
  0.46257213  0.10837809  0.25464359  0.6767883   0.48580113  0.54291048
  0.3023896   0.21269758  0.59419722  0.63520252  0.1258069   0.37101634
  0.69891409  0.42838654  0.18257165  0.22145726  0.36730712  0.36555005
  0.53803504  0.34683464  0.2359028   0.23478178  0.27395764  0.34469922
  0.71935144  0.5628082   0.36041328  0.59109246 -0.22556655  0.30989944
  0.47409609  0.12467714  0.456237    0.52336644  0.2437768   0.33186748
  0.39856766  0.28961432  0.07696552  0.42957847  0.50287823  0.59582933
  0.42401007  0.31664764  0.76957928  0.03331726  0.29069521  0.20322797
  0.4881166   0.95399112  0.19574011  0.25867973  0.60877768  0.24509351
  0.43576845  0.34166202  0.38248712  0.22769798  0.16513553  0.81710854] 
Variance:  [1.49052199e-02 7.01340552e-02 5.09542227e-02 2.52287188e-03
 1.06139231e-01 3.86719275e-01 2.71524141e-02 3.19876313e-01
 3.80318991e-01 3.29679324e-01 9.86936980e-04 7.93210938e-01
 5.58177151e-03 1.47492794e-02 3.96446409e-02 6.22185806e-03
 1.41102338e-01 3.66543482e-02 5.63864395e-02 1.71775843e-02
 2.34167253e-01 2.44593143e-03 8.42917480e-01 1.39480429e-01
 1.16372839e-01 1.11654308e-01 7.71979242e-02 1.51938582e-01
 1.10498251e-01 4.61607812e-01 4.33536557e-03 2.19314634e-02
 1.28059894e-01 7.69793142e-01 4.01535342e-02 2.20739745e-01
 4.90351173e-03 4.33684406e-03 3.44783736e-02 9.66286867e-03
 2.05250434e-01 1.09594141e-03 1.23710654e-02 2.98488891e-02
 4.24963911e-02 4.41243639e-02 5.79887728e-03 4.42136165e-02
 1.13673342e-02 6.83393144e-02 2.23091690e-01 9.15827136e-02
 4.26456475e-04 2.74027228e-03 1.26826500e-02 5.84741613e-02
 2.67721275e-01 3.82471634e-04 4.64472270e-01 8.10443794e-02
 7.99998148e-02 3.54914467e-02 3.32130532e-03 2.45196536e-01
 4.27108103e-02 3.11107771e-02 3.77227282e-02 8.40539888e-02
 2.89881946e-01 9.90245911e-02 3.63026027e-02 1.50454553e-01
 1.39511606e-02 8.27187603e-01 2.21446300e-02 3.65826172e-02
 2.04147014e-02 3.98566224e-03 1.70819273e-03 1.73972189e-01
 6.39603511e-03 9.10267086e-03 4.46300316e-01 7.82813248e-02
 6.03974427e-02 8.45499253e-03 5.22635312e-01 1.38500828e-01
 6.80953081e-04 7.43691546e-01 1.19337000e-01 9.87035621e-03
 3.94315332e-03 1.92580104e-01 9.94419208e-02 1.21050231e-01
 1.15648292e-02 2.55454874e-02 5.16522967e-02 4.58158570e-01
 4.55296704e-01 2.14170198e-01] 
ys:  (102, 1) .....
 




Mean:  [ 0.31074849  0.32834997  0.36384421  0.51344422  0.10580483  0.30105944
  0.2989679   0.11278569  0.51446902  0.62692572  0.28879219  0.65540645
  0.33326229  0.25194071  0.34500027  0.3009457   0.28635654  0.40456571
  0.22089677  0.55501734  0.34322031  0.59559748  0.3361739   0.42170954
  0.22492955  0.93999501  0.9766016   0.2929021   0.25558128  0.36945425
  0.10509392  0.37905094  0.36771632  0.2942557   0.28404171  0.32299887
  0.16390519  0.45463583  0.43220261  0.25332289  0.24432945  0.35650628
  0.36478029  0.33704765  0.34806137  0.14512008 -0.20700573  0.23307069
  0.21998584  0.43158979  0.10655045  0.10741335  0.29613987  0.2285765
  0.32976453  0.41468872  0.39986518  0.33914742  0.34476623  0.47756832
  0.4470011   0.4717452   0.48901953  0.08801816  0.41314315  0.30847027
  0.22111296  0.31385026  0.34144222  0.60199545  0.41801611  0.21820216
  0.4039072   0.0520738   0.42433831  0.36039087  0.11704458  0.27620563
  0.66697149  0.36637936  0.31680717  0.41596308  0.29358746  0.28787518
  0.21040346  0.99569442  0.22452379  0.5278839   0.49354906  0.08175323
  0.08189855  0.37167031  0.43243405  0.21812828  0.43977339  0.29912231
  0.12738078  0.25831433  0.13472059  0.04758508  0.57560262  0.36013345] 
Variance:  [8.01669446e-03 7.77367104e-03 1.34579132e-02 2.37936816e-02
 1.18845312e-03 2.76529451e-02 2.01873739e-04 7.72001054e-03
 1.79954933e-02 1.57107816e-03 1.04393994e-01 4.74011865e-02
 7.40010586e-02 1.44335834e-01 2.34956301e-02 4.40300429e-02
 7.94834226e-03 3.56663015e-02 3.66980317e-01 6.77628354e-02
 1.96436113e-02 2.82682964e-02 2.70290920e-03 2.77249311e-02
 5.65643763e-04 3.70765700e-02 6.03786281e-02 4.95417322e-01
 6.93474352e-02 3.66411134e-01 1.03874741e-01 3.69972524e-02
 4.52307418e-01 2.99033980e-03 2.18425697e-03 5.92682846e-02
 6.86487078e-04 6.84953747e-03 1.19104174e-02 1.75222300e-01
 3.55942404e-01 7.63974064e-03 3.85616082e-02 9.22405764e-03
 1.69704498e-02 7.52390421e-01 1.60086765e-02 3.88082327e-01
 1.02411139e-01 3.08492769e-02 9.41637027e-02 2.68072245e-01
 8.45140305e-02 7.48720184e-02 7.97646079e-01 3.41613383e-01
 2.56829186e-02 6.23253122e-03 2.57848322e-02 5.08131943e-02
 3.93171022e-02 7.95661992e-02 2.09465847e-01 3.91802650e-02
 4.52683084e-01 8.39508417e-02 5.68349046e-03 4.63502836e-01
 1.38069257e-01 9.41875651e-02 4.63089700e-02 7.28785435e-03
 1.26162392e-01 5.21461044e-02 4.56155957e-01 6.82919350e-03
 8.78448443e-01 2.22664545e-02 2.66205087e-01 2.24175977e-01
 9.18526407e-02 1.79799853e-02 2.87378952e-03 2.25688459e-02
 3.41243290e-03 6.47145940e-02 4.57779457e-03 1.51103333e-01
 1.68995988e-02 6.84651318e-02 3.52674629e-01 4.02997315e-02
 2.59257913e-01 1.52424418e-02 1.47121051e-01 1.69640161e-01
 4.58943796e-01 1.67304132e-01 4.25134545e-02 9.46001782e-01
 3.55361627e-02 3.05946096e-01] 
ys:  (102, 1) .....
 




Mean:  [0.090899   0.25242134 0.29273805 0.40436815 0.36875847 0.29326135
 0.28780787 0.75504894 0.78094559 0.33528595 0.83559529 0.28173199
 0.41331682 0.26843336 0.38621952 0.52674654 0.44340308 0.44363063
 0.37332932 0.47091653 0.35680328 0.56423173 0.26463971 0.66124096
 0.71799517 0.96901714 0.37893937 1.00252531 0.22259103 0.55402264
 0.17245074 0.57638054 0.58202266 0.58329605 0.15089176 0.21308437
 0.42008504 0.54419747 0.31917114 0.39813544 0.31772551 0.53464041
 0.38744604 0.36339597 0.25716891 0.35082131 0.52579261 0.23649769
 0.35680587 0.48505878 0.33225016 0.264775   0.37637581 0.38400415
 0.28314453 0.28153206 0.20656271 0.36325312 0.81413114 0.33833693
 0.08615651 0.21924268 0.32716898 0.56275738 0.35661629 0.52494978
 0.34769526 0.17807451 0.39980551 0.36070976 0.35546509 0.48161602
 0.88746707 0.0243036  0.18547179 0.47879232 0.30669505 0.42330649
 0.62549914 0.46382903 0.59777434 0.20226333 0.57822521 0.55622579
 0.36008887 0.1752044  0.69155392 0.08679159 0.58002224 0.28465393
 0.69818497 0.34614949 0.51310127 0.33833423 0.05416423 0.33358694
 0.36266516 0.39047883 0.24811843 0.69305377 0.38926143 0.36622528] 
Variance:  [8.35035470e-01 3.17698115e-03 1.26170395e-03 2.68138939e-01
 9.61388988e-03 8.02562742e-04 1.73323847e-02 3.27685062e-01
 2.91201570e-02 2.21040928e-02 3.66355992e-01 3.17187654e-01
 6.05512430e-02 1.14165292e-02 5.69777560e-02 8.24433926e-02
 1.28986589e-01 1.65941758e-02 4.47494036e-03 2.57641091e-02
 4.15880402e-03 1.23221344e-01 6.89539084e-02 8.06176908e-02
 3.97495383e-02 1.13328581e-01 2.10132751e-01 1.86924645e-01
 1.72179079e-01 8.06397855e-02 3.24886353e-03 1.74512985e-02
 7.78164815e-03 5.62873355e-02 2.48142338e-01 5.51791057e-03
 1.60332075e-02 7.05944273e-02 9.92611535e-04 4.78816270e-01
 3.70703872e-02 1.95398571e-02 1.53009029e-01 1.98997355e-01
 3.78162626e-01 8.91325552e-02 6.30812918e-02 2.88718091e-02
 1.53969401e-02 4.80808791e-02 1.00542387e-01 6.28161555e-02
 8.53178440e-02 1.42373995e-01 1.15344754e-01 8.10060987e-02
 5.42634327e-03 2.78559362e-03 5.01991460e-03 1.33178711e-01
 9.68251157e-04 2.50252600e-01 8.22640912e-02 1.10963637e-01
 2.95155766e-01 4.07495186e-01 7.07879204e-02 3.67677245e-04
 6.12888798e-02 2.20081163e-03 3.42400769e-01 3.72607947e-01
 4.29488253e-02 5.64814952e-01 1.76621535e-02 1.63395765e-01
 3.66391093e-03 3.81850566e-02 2.34416050e-02 6.38079157e-02
 8.08489580e-02 1.29407336e-03 1.98049808e-02 4.03036533e-02
 1.38116498e-03 5.00289403e-01 5.26659566e-02 8.30236929e-01
 1.21219644e-01 2.60183133e-01 2.47962322e-01 8.58029092e-02
 2.38571286e-02 6.89904020e-02 2.99731815e-01 9.45442258e-02
 4.42140859e-02 5.76735067e-02 1.52323686e-03 1.30368199e-02
 8.13552372e-03 2.77493572e-02] 
ys:  (102, 1) .....
 




Mean:  [ 0.3637557   0.40283687  0.40371653  0.26875588  0.34344929  0.27260551
  0.45475492  0.16636795  0.33454812  0.303757    0.71587638  0.33077423
  0.42136986  0.20041434  0.49707988  0.2779627   0.32361025  0.2133836
  0.46354696  0.5141668   0.05045183  0.45876832  0.67119747  0.22092595
  0.82864945  0.3457496   0.43794639  0.43980458  0.24409229  0.48110453
  0.27514582 -0.0197242   0.20181837  0.36643855  0.06564459  0.63913398
  0.3651509   0.42682779  0.36472529  0.70453131  0.21784203  0.49538578
  0.38158502  0.26667896  0.30644993  0.26190413  0.07114214  0.97640097
  0.19504948  0.57000792  0.02623208  0.44117094  0.8541859   0.34703095
  0.25586479  0.34383906 -0.16787959  0.18024251  0.50167349  0.29634046
  0.42622056  0.69796288  0.34871466  0.38777192  0.29612669  0.31580391
  0.33654818  0.47359813  0.26235362  0.33574834  0.34118597  0.3822841
  0.27032584  0.30539223  0.66866208  0.12274679  0.16141524  0.15708183
  0.2287948   0.69929156  0.53643395  0.32853087  0.55443429  0.42982908
  0.90511976  0.38121732  0.32725978  0.39899252  0.41483549  0.36266868
 -0.04743209  0.40441214  0.31401306  0.31486822  0.69788239  0.68250484
  0.39267019  0.23873341  0.37163823  0.4980726   0.46904314  0.2514896 ] 
Variance:  [2.72720775e-02 4.21651480e-02 4.20280453e-04 6.45306513e-02
 8.76882446e-03 4.68373179e-02 3.64299670e-01 4.72516194e-02
 6.99779400e-03 3.99415116e-02 3.36381705e-02 8.50737391e-02
 2.14226396e-01 6.10310718e-01 4.57393479e-02 4.80344930e-02
 6.01360132e-02 5.96727910e-03 2.75692678e-01 1.92587827e-02
 6.46529143e-02 3.20203868e-01 4.13272423e-02 6.03239870e-03
 3.24805541e-01 1.24097546e-01 8.48179656e-03 1.51915962e-02
 4.99857031e-03 1.96169730e-02 1.30985499e-02 1.04268109e-03
 3.46550865e-02 7.62169663e-03 6.16921101e-01 9.08167076e-02
 6.49390408e-02 4.21479936e-01 8.24401200e-03 2.08446689e-01
 1.29421733e-02 6.10797327e-03 1.54410167e-02 1.19351447e-01
 2.56695750e-04 2.51248645e-01 6.34645504e-02 6.03833306e-02
 1.91287929e-03 3.95701574e-02 9.80093531e-01 9.64356797e-03
 9.62473830e-03 1.95822316e-02 2.42407700e-01 3.15291816e-03
 1.05878304e-01 4.60307021e-02 1.27509471e-02 1.54336523e-01
 1.44256597e-01 1.27934827e-01 2.78874533e-01 1.74088731e-01
 1.44163982e-01 8.66283777e-03 5.20105660e-02 1.13551142e-01
 7.21326447e-01 7.01943257e-03 8.23375258e-02 1.78509219e-03
 1.15578421e-03 1.27475690e-03 2.66490683e-01 4.71975418e-03
 4.50270845e-02 9.83457656e-01 4.18063926e-01 1.44048113e-02
 9.93202359e-02 2.62038106e-02 1.02908446e-01 1.88596143e-01
 1.64425440e-02 2.76580200e-02 2.14964338e-03 9.61139694e-02
 2.08428122e-01 4.51064449e-01 1.83773255e-01 1.98654781e-01
 2.70440693e-02 3.39013074e-03 1.69947436e-02 6.76391417e-02
 2.76536009e-01 3.47912376e-02 6.91894729e-02 4.94418466e-02
 2.61254881e-01 5.56573277e-04] 
ys:  (102, 1) .....
 




Mean:  [ 0.40067396  0.12711271  0.14103161  0.48767631  0.29698232  0.58901812
  0.04791285  0.18308495  0.00150294  0.39617151  0.27667436  0.47399908
  0.39675386  0.16943087  0.56936899  0.93770872  0.41961179  0.31378246
  0.55840202  0.39889957  0.2248543   0.43859775  0.25803473  0.16848986
  0.36611082  0.2078916   0.40553     0.24019452  0.53407949  0.34973274
  0.51537752  0.4173614   0.76809777  0.38874589  0.12901847  0.41410038
  1.00744415  0.24911431  0.30350084  0.30332132  0.42107025  0.37620282
  0.3714281   0.08532691  0.25586858  0.12363237  0.02651643  0.32779812
  0.22788688  0.36158764  0.59010534  0.4957335   0.32678338 -0.05509126
  0.57029476  0.42915426  0.01855189  0.35766974  0.46929673  0.42373512
  0.94358974 -0.00311401  0.24939245  0.1801987   0.23474539  0.34883674
  0.16535564  0.70133453  0.32709652  0.47195022  0.61855354  0.65712804
  0.42928712  0.14934411  0.28476756  0.71368697  0.29204048  0.30299186
  0.20447207  0.20726778  0.10718596  0.42990632  0.18005702  0.08310582
  0.38124689  0.25846457  0.28485003  0.36925347  0.29462592  0.40874839
  0.33934659  0.2988624   0.40395991  0.39941252  0.20946255  0.19496621
  0.42770547  0.3796128   0.27494674  0.23312818  0.11479679  0.13446644] 
Variance:  [6.26025370e-03 3.76211244e-02 1.86630651e-04 6.63650260e-02
 6.56074271e-03 7.96246908e-02 1.57817680e-02 4.32540359e-02
 2.20950264e-01 9.87778874e-02 3.35460525e-02 4.57433154e-01
 1.77185910e-02 3.17225548e-01 6.24067060e-02 1.16122068e-01
 4.12722981e-04 3.32848046e-03 1.33799005e-02 7.22214078e-03
 1.66523115e-01 1.26453828e-01 3.68230721e-02 3.10972182e-02
 2.99629348e-01 2.40494925e-03 2.06051260e-02 5.30631303e-04
 2.04581738e-02 1.09800404e-03 2.88183911e-01 1.23405857e-01
 4.45695628e-01 2.45849888e-01 3.00156049e-02 3.95735592e-03
 1.00220775e-02 4.41778808e-02 8.65675590e-02 5.85951433e-03
 3.42422014e-01 1.82935575e-02 3.67847213e-02 5.83313448e-02
 7.87390984e-02 8.80053501e-01 9.98252676e-01 2.78266510e-01
 3.29707012e-03 1.14822364e-01 3.72396832e-01 9.18012870e-02
 1.85468863e-02 1.19958928e-01 8.91083323e-02 3.54449182e-02
 4.85252424e-01 9.58814502e-02 5.05625645e-02 2.03404420e-02
 2.17096340e-01 1.21052393e-01 1.34773177e-02 8.90382742e-04
 3.74788814e-02 1.71935876e-01 4.04737025e-03 4.43744374e-02
 8.37251101e-03 3.30308167e-02 6.91652331e-02 2.59867675e-02
 2.28707645e-02 8.01906212e-02 1.14822044e-01 3.23662939e-03
 5.73100718e-02 4.99927312e-01 5.30473573e-02 1.14577966e-01
 8.93413012e-03 2.60065481e-02 1.54635850e-03 2.35743315e-03
 2.52258169e-02 5.88824865e-02 8.50123666e-02 1.62798260e-02
 5.87055415e-03 8.81567992e-03 6.03884823e-02 8.00956466e-01
 2.76551695e-02 2.23354650e-02 5.05963841e-01 2.24840998e-03
 3.30309358e-03 2.31510527e-01 1.00290221e-03 1.14274182e-03
 9.62654964e-02 7.60065473e-03] 
ys:  (102, 1) .....
 




Mean:  [ 0.45418415  0.43699573  0.02828822  0.38509871  0.27667689  0.18615537
  0.16678013  0.71706256  0.33122948  0.32790025  0.32746198  0.19499543
  0.26579877  0.48938086  0.17201544  0.88290198  0.29594111  0.95869255
  0.46487822 -0.26300896  0.12129958  0.22910335  0.12244343  0.62850972
  0.15937221  0.29409528  0.41845891  0.34733455  0.31447806  0.50191701
  0.46507893  0.3158875  -0.00468114  0.34286366  0.47491593  0.35475763
  0.32665854  0.05363487  0.07850884  0.68724612  0.4181072   0.26691554
  0.10722981  0.45956962  0.14519656  1.08496785  0.41917896  0.37357716
  0.43647485  0.41779673  0.21862166  0.38971456  0.07578095  0.02872432
  0.33641748  0.35233678  0.20209571  0.11036648  0.35156265  0.32560794
  0.4288583   0.37985967  0.5544192   0.25535977  0.25164658  0.49035353
  0.39102944  0.42955845  0.49737494  0.25331724  0.68498308  0.4231767
  0.04958874  0.31341005  0.61520448  0.70063355  0.98276082  0.35853648
  0.43605438  0.39966569  0.37559206  0.29276305  0.58512753  0.45462489
  0.52285054  0.23480195  0.14913006  0.33512883 -0.13984168  0.61524687
  0.20017019  0.44747452  0.61547647  0.36762203  0.29119679  0.00944214
  0.37603651  0.31329485  0.38783481  0.29480426  0.86730035  0.31878866] 
Variance:  [7.39263857e-03 4.09713437e-03 1.45539566e-03 6.29370015e-02
 1.51727995e-01 2.22262510e-02 2.30625552e-02 2.71050414e-01
 3.10836588e-03 1.46130945e-01 3.52718770e-02 9.07718116e-03
 3.86383791e-01 8.35577917e-02 4.54255504e-03 3.32651164e-02
 5.04502450e-01 3.52823219e-01 1.64643238e-01 6.00601619e-02
 7.03637074e-01 4.58107685e-01 7.39036651e-04 9.44100516e-03
 4.43206707e-04 3.88668943e-03 3.82696240e-01 7.06201239e-02
 3.17023886e-02 1.91726692e-01 2.88520889e-02 1.44916238e-02
 7.48934498e-02 7.38491128e-02 1.10986732e-01 1.76543633e-01
 4.88671881e-03 5.19708276e-02 7.74200029e-03 3.13624749e-02
 2.20606772e-02 6.33991733e-04 8.80416193e-01 1.04986159e-02
 2.79626086e-02 2.97362859e-02 1.40473122e-01 7.26765158e-02
 1.47456545e-02 1.75238701e-02 1.04022132e-01 9.52403598e-02
 8.25032490e-01 2.51901578e-02 8.13638740e-02 9.15715454e-03
 5.18489692e-02 6.56449100e-04 6.85655491e-02 9.84129747e-02
 7.42217925e-03 1.81802682e-03 6.16465324e-02 5.76332809e-03
 2.17515732e-03 6.70401512e-02 8.15202574e-02 3.66488183e-02
 4.48383316e-01 1.77259795e-01 1.68264606e-02 4.62239317e-03
 2.65490681e-03 7.21198837e-03 2.43250803e-02 3.18766901e-02
 1.59930321e-02 1.75835373e-03 1.59580661e-01 3.68462184e-02
 9.63718101e-02 1.31842624e-03 8.90037969e-02 1.16204446e-01
 7.87047540e-03 1.29943054e-02 6.99772591e-01 5.27866901e-02
 5.65805128e-02 1.10801637e-01 1.14464336e-01 6.41975165e-02
 3.68427080e-02 7.93685364e-02 2.24275861e-03 2.03936314e-01
 4.38852422e-02 2.18724257e-03 2.51769799e-02 2.66679789e-02
 5.12088784e-02 2.11200469e-01] 
ys:  (102, 1) .....
 




Mean:  [ 0.33224823  0.43108171 -0.05820998  0.30402203  0.5625127   0.29998369
  0.50900941  0.16773975  0.31122991  0.41504251  0.43418176  0.87745103
  0.21075507  0.20930597  0.04679582  0.52583014  0.23786123  0.43154783
  0.31855174  0.15316478 -0.43970003  0.17858347  0.11640244  0.36701217
  0.15226631  0.45598985  0.30230794  0.39016115  0.14977829  0.13749356
  0.45666489  0.57222284  0.09287137  0.37340357  0.65320527  0.47733984
  0.25124789  0.70483481  0.54424781  0.06826373  0.71354747  0.44265832
  0.39704601  0.47733097  0.85516662  0.48502825  0.32834413  0.54801403
  0.94462741  0.3847577   0.30962841  0.3237246   0.42612622  0.6129798
  0.8203927   0.39676938  0.31878444  0.41295211  0.23813373  0.31975065
  0.71177764  0.28487906  0.31697984  0.49479911  0.45834185  0.50682816
  0.16199719  0.31613869  0.29331585  0.60006182  0.80723012  0.41327684
  0.51638995  0.12467838  0.25621509  0.47007854  0.38614353  0.35893454
  0.23897154  0.23034103  0.44079282  0.35298649  0.41267007  0.2696565
  0.29090216  0.31100188  0.37430174  0.23794629  0.12947747  0.3165433
  0.60411085  0.42316592  0.31930268  0.36094344  0.36010483  0.6407017
  0.73208658  0.31184612  0.29229624  0.21912832  0.33584738  0.41206268] 
Variance:  [7.18176004e-02 4.14225477e-02 3.58616156e-02 1.27059203e-02
 2.15430597e-01 1.85478462e-01 4.16248917e-01 2.36021903e-02
 3.96963728e-01 1.65295645e-02 4.63817554e-01 1.59208245e-01
 3.63377613e-02 4.63082498e-02 4.01110655e-01 2.41737225e-01
 3.73407724e-02 2.66402513e-02 2.75035528e-03 7.04315216e-01
 6.82144961e-01 4.98754989e-01 8.52214234e-02 2.08281266e-02
 8.90476278e-03 3.92225052e-01 3.53194029e-02 1.60325400e-02
 6.44446685e-02 5.23071568e-02 2.83664850e-01 6.38028036e-02
 8.69605806e-01 1.87829945e-02 1.76824723e-01 1.14533179e-01
 2.71673480e-03 2.08529050e-01 1.15954732e-01 5.23964553e-01
 4.44920482e-02 1.97203041e-02 2.27593366e-02 2.88161596e-02
 8.68258386e-03 3.96392247e-02 1.07738697e-02 1.91832988e-02
 1.08389164e-01 2.24464031e-01 1.11867101e-02 4.75260221e-01
 1.82796240e-02 3.32585042e-02 3.19836071e-01 1.17646009e-01
 8.98134006e-04 4.61229692e-02 1.41568341e-02 4.21352174e-02
 2.83983930e-01 6.07167814e-03 3.63492539e-02 6.30950375e-03
 7.62069314e-02 3.52893839e-02 4.82017083e-03 8.75302207e-04
 2.71956984e-01 9.20287159e-02 6.95885461e-02 5.89591980e-04
 3.74447935e-02 5.10761828e-02 3.57248847e-02 1.07230279e-01
 1.10605283e-02 1.65653091e-02 1.69555180e-01 1.42717898e-02
 3.31811653e-02 2.35782453e-03 6.33920406e-02 1.89670423e-01
 8.47823039e-03 5.03231433e-01 4.36925268e-03 4.45921283e-02
 1.36304925e-01 7.53274271e-03 3.24690872e-02 1.84509962e-01
 5.85488126e-03 4.71908304e-03 5.60783021e-03 7.94551786e-03
 1.16126802e-02 4.35663624e-01 3.17624671e-03 9.19172726e-03
 5.06520728e-02 2.70439889e-03] 
ys:  (102, 1) .....
 




Mean:  [ 0.60610843  0.3383582   0.35914198  0.34423422  0.31423358  0.23153928
  0.35780962  0.47416161  0.31034873  0.21589127  0.10397834  0.39129251
  0.10932651  0.31112879  0.46827349  0.39933971  0.37525312  0.48317809
  0.38078722  0.44322073  0.17080774  0.32650152  0.07829738  0.30917209
  0.43343682  0.15149091  0.31929458  0.33721812  0.3757074   0.40169938
  0.28549048  0.53542419  0.48282938  0.52279185  0.12965028  0.84212435
  0.3837628   0.37965929  0.58758644  0.37855188  0.46016283  0.40514209
  0.30985737  0.25146507  0.44791337  0.43434206  0.1199273   0.45532537
  0.36257607  0.33328285  0.43255769  0.50109012  0.13977648  0.99613771
  0.1985008   0.29647102  0.08361748  0.71035995  0.99058473  0.71489979
  0.45630866  0.20894887  0.2002957  -0.29097094  0.44348308  0.21522608
  0.31252192  1.23938286  0.35229613  0.31324438  0.45343994  0.3041315
  0.10078387  0.43860811  0.48603521  0.34325711  0.32689619  0.62066082
  0.93121226  0.31978896  0.15059228  0.70957     0.26951243  0.36533711
 -0.11101524  0.19304628  0.24262371  0.34021343  0.18869988  0.17039
  0.79883086  0.3122547   0.42211664  0.36800784  0.37996416  0.84137166
  0.19720663  0.48190918  0.52618957  0.58235967  0.56667016  0.20672838] 
Variance:  [2.52210783e-02 1.06922111e-02 2.86942413e-02 1.34676214e-02
 6.54653176e-03 7.92804185e-04 4.15565077e-03 5.29836539e-02
 1.00633254e-02 6.08660707e-02 7.74289148e-01 9.82922209e-02
 8.56205770e-01 4.64851573e-01 1.28554860e-02 3.83722741e-02
 6.44920597e-02 1.11560267e-01 7.38826702e-02 2.75645809e-02
 4.25641082e-02 4.82818924e-03 7.60014736e-02 1.54330351e-01
 5.73762964e-03 1.14097952e-01 2.15006624e-02 3.81053487e-02
 5.56464987e-02 4.20053631e-02 7.46485705e-02 7.29895334e-02
 3.17216506e-01 9.37324637e-02 4.46476596e-02 3.40316085e-01
 2.47930226e-02 1.51908053e-01 3.14580850e-02 1.87654284e-01
 4.97542437e-02 5.77983362e-03 1.24130715e-02 1.09815963e-03
 1.68473821e-02 3.67484288e-02 3.39475299e-02 2.30868199e-02
 9.74151940e-03 3.58308093e-02 7.49852725e-03 6.92496945e-02
 9.93799248e-04 1.00298102e-02 2.94391237e-03 9.89682086e-05
 1.14069512e-01 1.81933440e-01 1.62200668e-02 2.02479104e-01
 3.89251697e-02 2.65564609e-01 3.85081316e-03 3.99602539e-02
 8.58136622e-03 5.09665627e-01 3.55025682e-02 3.28905721e-01
 7.34906066e-02 9.55507482e-03 9.89004978e-03 7.77262099e-03
 1.38011367e-01 1.82174720e-02 1.21506612e-01 2.15666126e-03
 4.13906643e-02 1.40054170e-01 1.39464641e-01 1.44834561e-01
 5.00462531e-04 4.81610542e-02 1.49280731e-02 5.57957904e-03
 2.32581199e-01 9.47814027e-03 4.48101058e-04 6.41307639e-02
 3.64507067e-01 8.61795324e-04 4.20407450e-03 1.98098661e-01
 4.35325237e-03 1.48506928e-02 2.62618527e-01 7.03182984e-02
 3.66368326e-01 2.47838863e-01 1.53405259e-02 7.77857764e-02
 1.08562351e-02 5.15939529e-02] 
ys:  (102, 1) .....
 
