Configuration Settings:

 hyperkernel_type: matern_harmonic_kernel 	kernel_type: SE 	char_length_scale: 0.3 	sigma_len: 0.0001 	sigma_len_bounds:  [0.1, 1] 	signal_variance_bounds: [0.1, 1] 
number_of_samples_in_X_for_grid: 4 	number_of_samples_in_Xs_for_grid: 5 	number_of_test_datapoints: 100 	noise: 0.0 
hyper_lambda 0.1 	random_seed: 400 	max_X: 1 	min_X: 0 	max_Y: 2 	min_Y: 1 
bounds: [[0, 1]] 	number_of_dimensions: 1 
signal_variance: 1 	number_of_basis_vectors_chosen:  1 	basis_weights_bounds: [0.1, 1] 
number_of_subspace_selection_iterations: 5 	number_of_iterations_best_solution: 5 
number_of_init_random_kernel_y_observations: 4 	acq_fun_list: ['UCB'] 
Length scale bounds:  [[0.1, 1]] 	number of restart likelihoods:  100 	hyper_char_len_scale:  0.1 
Dataset:  auto 

###################################################################
 
Generating results Start time:  041700_29052021 




Mean:  [4.91630186e-01 1.64182801e-04 1.16374004e-04 8.90831074e-05
 4.93343885e-01 1.27011352e-04 8.10810809e-01 3.71136086e-01
 3.10295018e-01 1.52672288e-01 7.75956813e-05 6.80369083e-05
 5.10953168e-05 3.11344899e-04 3.67688418e-01 8.55471221e-05
 9.39094959e-02 3.70887232e-05 1.98222610e-04 1.55971906e-04
 6.37037019e-02 7.23007777e-05 3.20077162e-01 1.38544100e-04
 3.20508268e-04 2.77246382e-04 2.19151391e-01 8.81530080e-05
 8.26570147e-05 2.66583392e-04 5.06796716e-01 3.00374730e-04
 2.20269447e-04 1.42285230e-04 8.42790469e-04 2.68950435e-04
 7.32610300e-05 6.45714805e-05 1.49587396e-01 2.10229385e-04
 3.14735226e-02 1.60624045e-01 4.60588490e-01 4.31506555e-01
 5.74928837e-02 6.44954740e-05 1.32406046e-01 2.01136857e-04
 1.97503257e-01 4.69404258e-01 7.55003331e-05 7.01645526e-05
 3.67510042e-01 2.37431589e-02 5.31826882e-05 5.68829036e-01
 1.08558890e-04 6.83870630e-05 5.44990168e-05 6.85532715e-05
 2.59680895e-01 1.48050752e-04 1.93114673e-04 5.06516314e-05
 3.03844069e-04 9.85663516e-05 1.61535394e-04 1.78318181e-04
 2.66234162e-04 4.69127838e-02 2.68492734e-04 1.08403823e-01
 2.67739954e-04 2.09318412e-04 2.28553434e-04 2.31981429e-05
 3.42617131e-02 8.56670938e-05 2.00194904e-04 8.63229830e-05] 
Variance:  [0.37102229 1.         1.         1.         0.53148293 1.
 0.08093219 0.55872689 0.30548325 0.0845696  1.         1.
 1.         1.         0.63886321 1.         0.64173827 1.
 1.         1.         0.9472675  1.         0.63820646 1.
 0.99999999 1.         0.32800945 1.         1.         1.
 0.03622199 1.         1.         1.         0.99998444 1.
 1.         1.         0.46641859 1.         0.9754712  0.89924678
 0.07425873 0.32865553 0.98499192 1.         0.08187491 1.
 0.27998523 0.4311261  1.         1.         0.15149064 0.97788779
 1.         0.10453236 1.         1.         1.         1.
 0.0250632  1.         1.         1.         1.         1.
 1.         1.         1.         0.98272488 1.         0.957854
 1.         1.         1.         1.         0.95045025 1.
 1.         1.        ] 
ys:  (80, 1) .....
 




Mean:  [2.53678417e-04 2.36262731e-01 3.33259383e-01 1.15786930e-04
 4.38473511e-05 5.35662888e-05 4.22542496e-05 2.86104731e-04
 2.59681539e-01 1.36906900e-04 1.31702215e-04 2.72080417e-04
 3.61389192e-01 2.99262387e-04 3.71113550e-01 9.07678647e-05
 1.93861998e-04 2.90259035e-04 2.51839764e-04 3.02112228e-04
 1.47451804e-01 7.56495838e-05 3.60615629e-01 4.93345670e-01
 9.91040853e-05 1.31576187e-01 1.87788783e-04 4.73451449e-01
 1.67071508e-01 5.63158094e-02 9.86883013e-05 7.43273966e-05
 1.58340868e-04 2.06217300e-04 2.76406543e-04 5.13274879e-01
 7.66965199e-05 6.16767038e-02 3.01337431e-04 2.12061482e-01
 1.67361300e-04 1.06074120e-04 1.60628556e-01 2.42557894e-04
 7.79124427e-05 2.68442520e-01 4.91627564e-01 1.03428168e-04
 6.65008952e-05 4.60632185e-01 1.55407428e-04 1.19177918e-04
 1.47032079e-04 3.20083299e-01 3.78597375e-05 2.09428507e-04
 7.54722313e-05 2.50539762e-01 9.10682612e-05 3.67693958e-01
 1.18532963e-04 6.34431262e-05 1.82810463e-01 1.61284200e-04
 1.51359334e-04 4.69406550e-01 4.33276369e-02 8.65016308e-05
 1.77690460e-04 2.91393049e-01 1.92318952e-02 7.20479414e-05
 4.40476554e-05 3.68352347e-02 9.02320007e-05 1.64015129e-04
 4.16470852e-01 5.01928015e-05 1.20792836e-04 3.88610186e-02] 
Variance:  [1.         0.53302902 0.51592964 1.         1.         1.
 1.         0.99999999 0.0250632  1.         1.         1.
 0.2787696  1.         0.10141564 1.         1.         0.99999999
 1.         1.         0.8617026  1.         0.16930566 0.53148293
 1.         0.95359828 1.         0.31795863 0.60534871 0.81821294
 1.         1.         1.         1.         1.         0.08680631
 1.         0.86491997 1.         0.80408861 0.99999999 0.99999999
 0.89924678 1.         1.         0.27962977 0.37102229 1.
 1.         0.07425873 1.         1.         1.         0.63820646
 1.         1.         1.         0.22881076 0.99999999 0.63886321
 1.         1.         0.55527542 1.         1.         0.4311261
 0.89411863 1.         1.         0.26235051 0.97919114 1.
 1.         0.97359124 1.         1.         0.15149064 1.
 1.         0.91489372] 
ys:  (80, 1) .....
 




Mean:  [1.67750804e-04 7.56585917e-02 1.53115165e-04 1.83833667e-01
 6.38078303e-05 3.49687895e-01 5.87934951e-02 1.23437931e-01
 7.60136026e-05 1.00926936e-04 3.76871476e-05 3.67697314e-01
 1.96976490e-04 1.03151488e-04 1.75682057e-04 5.81337335e-01
 2.14577980e-01 3.48276593e-01 2.43875263e-04 1.44251187e-04
 2.24557185e-04 5.41719640e-01 3.35656209e-01 1.89943360e-01
 1.61974121e-04 2.62449131e-04 2.71240170e-01 2.16955997e-01
 4.76361072e-01 2.45625567e-04 1.97160476e-04 3.01849331e-04
 5.81684732e-01 5.48908311e-05 2.54778004e-04 1.48805325e-04
 7.77861872e-05 4.79815777e-05 2.80889807e-02 1.10510876e-04
 4.15072653e-01 1.07258992e-04 4.57349444e-05 2.64482258e-04
 3.77144695e-02 1.03574536e-04 6.22306358e-03 2.47950083e-04
 5.61210999e-01 3.06587744e-01 2.69504067e-04 1.13611549e-04
 3.12787315e-01 5.85409993e-05 4.37043051e-01 2.82583069e-04
 5.30749047e-05 1.33143533e-04 1.52103164e-04 2.01207589e-04
 3.22058834e-01 2.27189051e-01 1.52624656e-04 2.84743850e-04
 2.82152798e-04 4.93548426e-01 2.13745683e-04 1.36469279e-04
 7.50590263e-05 8.99670829e-02 7.23796571e-02 1.19389207e-04
 2.27444439e-04 1.44811547e-01 7.86586170e-02 2.50443906e-04
 2.78466719e-04 1.29676367e-04 1.51769401e-04 1.56994532e-04] 
Variance:  [1.         0.9777111  1.         0.60534871 1.         0.52138571
 0.63792249 0.06001767 1.         0.99999999 1.         0.63886321
 1.         1.         1.         0.08093219 0.04723021 0.09868839
 1.         1.         1.         0.4311261  0.31707677 0.5556673
 1.         1.         0.68613917 0.3282715  0.27275325 1.
 1.         1.         0.07407923 1.         1.         1.
 1.         1.         0.98272488 1.         0.26811376 1.
 1.         1.         0.98499192 1.         0.9998404  1.
 0.10453236 0.24760083 1.         1.         0.77593266 1.
 0.53148293 1.         1.         1.         1.         1.
 0.08511259 0.82723184 1.         1.         1.         0.12328295
 1.         1.         1.         0.54248534 0.97775741 1.
 1.         0.06695075 0.52373074 1.         1.         1.
 1.         1.        ] 
ys:  (80, 1) .....
 




Mean:  [2.43127869e-04 2.24686815e-01 1.08794226e-04 9.85043906e-05
 3.68325470e-02 2.43872463e-01 1.68096226e-04 4.93551804e-01
 5.73728300e-05 2.88005874e-04 9.37244118e-05 1.81430645e-04
 2.30815413e-04 2.48702954e-01 2.10180859e-01 2.16477721e-04
 1.53895641e-01 2.40867252e-04 2.25814023e-04 1.45773437e-04
 2.58024697e-04 2.51135964e-04 7.86548187e-02 3.43346970e-05
 1.05000217e-04 7.68732922e-05 1.04939092e-04 8.10444089e-05
 4.38228755e-01 1.12119527e-04 5.41726391e-01 1.45366653e-04
 3.23855666e-05 5.25468531e-02 1.77339424e-04 1.57116331e-01
 1.41673820e-04 2.36487173e-04 4.60631790e-01 1.60610861e-01
 1.80703852e-04 1.01433482e-04 8.88898330e-05 1.46301412e-04
 1.48885381e-04 9.68121175e-05 8.64942546e-02 8.23636396e-05
 4.57420510e-01 1.60034340e-01 5.81337107e-01 1.27980337e-04
 9.90667803e-05 6.12858331e-01 2.63809184e-04 2.60043007e-04
 9.12416583e-05 3.22058812e-01 1.97649258e-04 1.13986594e-01
 1.23436503e-01 2.13568998e-04 1.67842327e-04 2.38305591e-04
 9.35699600e-02 4.91630778e-01 1.38436188e-04 2.09498917e-04
 2.45289990e-04 9.30394462e-05 1.86779238e-04 1.08008088e-04
 2.57657047e-04 2.95297298e-04 1.31476737e-04 9.38542044e-05
 4.05962844e-01 2.43449133e-05 2.67208494e-04 1.63653733e-01] 
Variance:  [1.         0.18449832 1.         1.         0.97359124 0.30548325
 1.         0.12328295 1.         1.         1.         1.
 1.         0.02444534 0.38794745 1.         0.4952278  1.
 1.         1.         1.         1.         0.52373074 1.
 1.         1.         1.         1.         0.55872689 1.
 0.4311261  1.         1.         0.98663178 1.         0.08295097
 1.         1.         0.07425873 0.89924678 1.         1.
 0.99999999 1.         1.         1.         0.3392232  1.
 0.05355483 0.64693239 0.08093219 1.         1.         0.02205747
 1.         1.         0.99999999 0.08511259 1.         0.82555112
 0.06001767 1.         1.         1.         0.9472675  0.37102229
 1.         1.         1.         0.99999999 1.         1.
 1.         1.         1.         1.         0.43775389 1.
 1.         0.53302902] 
ys:  (80, 1) .....
 




Mean:  [1.40660641e-04 2.63427785e-04 1.25068194e-01 2.89229585e-04
 6.05528053e-05 8.59088964e-05 5.61906623e-02 2.68610920e-04
 2.39951104e-01 1.84218613e-04 5.63162998e-02 1.78924801e-04
 2.24887878e-04 1.10007472e-04 2.64076334e-04 1.47488862e-04
 1.89648224e-04 1.97503495e-01 5.94089285e-05 1.83738184e-04
 2.48321273e-04 9.83360749e-05 4.20471914e-05 6.13547122e-05
 8.08844176e-05 1.60561043e-01 4.36125141e-01 1.27444622e-04
 1.50117466e-04 7.61705089e-05 4.73449183e-01 4.60630942e-01
 1.59957902e-01 4.53780292e-01 7.92835054e-05 2.41571984e-04
 1.95403647e-04 1.57115563e-01 2.47948844e-04 2.88537289e-01
 1.97009359e-04 7.02389482e-05 2.34493990e-04 6.79979982e-02
 3.05642608e-04 2.53212751e-04 4.28500930e-01 1.60951504e-04
 2.39244294e-04 2.57966011e-01 2.89442268e-04 5.53021816e-05
 8.96867504e-05 1.63665196e-01 2.41738959e-04 1.07811651e-01
 5.51276868e-01 2.39790843e-01 1.80389615e-04 2.44988423e-01
 1.09838905e-04 5.81340593e-01 4.93342284e-01 8.58808818e-02
 2.28791518e-04 8.66846869e-05 6.42850984e-05 1.05087456e-04
 1.22058196e-01 9.38757559e-05 2.46422380e-04 3.98837952e-01
 2.47750228e-04 6.10633109e-05 1.55546946e-04 9.88826323e-05
 1.46381434e-04 8.41296421e-05 1.08580405e-04 1.20612147e-04] 
Variance:  [1.         1.         0.45300418 1.         1.         1.
 0.94502913 1.         0.63820646 1.         0.81821294 1.
 1.         1.         1.         1.         1.         0.27998523
 1.         1.         1.         1.         1.         1.
 1.         0.64977304 0.48132513 1.         1.         1.
 0.31795863 0.07425873 0.42415481 0.11623578 1.         1.
 1.         0.08295097 1.         0.80408861 1.         1.
 1.         0.27722507 0.99999999 1.         0.13109765 1.
 1.         0.80955441 1.         1.         1.         0.53302902
 1.         0.8617026  0.10586707 0.63886321 1.         0.46868013
 0.99999999 0.08093219 0.53148293 0.34851888 1.         1.
 1.         0.99999999 0.33017493 1.         1.         0.57491237
 1.         1.         1.         1.         1.         1.
 1.         1.        ] 
ys:  (80, 1) .....
 
