Configuration Settings:

 hyperkernel_type: matern_harmonic_kernel 	kernel_type: SE 	char_length_scale: 0.3 	sigma_len: 0.0001 	sigma_len_bounds:  [0.1, 1] 	signal_variance_bounds: [0.1, 1] 
number_of_samples_in_X_for_grid: 4 	number_of_samples_in_Xs_for_grid: 5 	number_of_test_datapoints: 100 	noise: 0.0 
hyper_lambda 0.1 	random_seed: 400 	max_X: 1 	min_X: 0 	max_Y: 2 	min_Y: 1 
bounds: [[0, 1]] 	number_of_dimensions: 1 
signal_variance: 1 	number_of_basis_vectors_chosen:  1 	basis_weights_bounds: [0.1, 1] 
number_of_subspace_selection_iterations: 5 	number_of_iterations_best_solution: 5 
number_of_init_random_kernel_y_observations: 4 	acq_fun_list: ['UCB'] 
Length scale bounds:  [[0.1, 1]] 	number of restart likelihoods:  100 	hyper_char_len_scale:  0.1 
Dataset:  auto 

###################################################################
 
Generating results Start time:  040106_29052021 
************  Run: 1    ***************

 
Initial Grid Values selected for this run
--- X in Grid ---
 [[0.        ]
 [0.33333333]
 [0.66666667]
 [1.        ]] 
Starting Optimization 
Eigen values for the calculation of the dimensionality reduction... 
######  run: 1  subspace  1   ###### 




Mean:  [4.91630186e-01 1.64182801e-04 1.16374004e-04 8.90831074e-05
 4.93343885e-01 1.27011352e-04 8.10810809e-01 3.71136086e-01
 3.10295018e-01 1.52672288e-01 7.75956813e-05 6.80369083e-05
 5.10953168e-05 3.11344899e-04 3.67688418e-01 8.55471221e-05
 9.39094959e-02 3.70887232e-05 1.98222610e-04 1.55971906e-04
 6.37037019e-02 7.23007777e-05 3.20077162e-01 1.38544100e-04
 3.20508268e-04 2.77246382e-04 2.19151391e-01 8.81530080e-05
 8.26570147e-05 2.66583392e-04 5.06796716e-01 3.00374730e-04
 2.20269447e-04 1.42285230e-04 8.42790469e-04 2.68950435e-04
 7.32610300e-05 6.45714805e-05 1.49587396e-01 2.10229385e-04
 3.14735226e-02 1.60624045e-01 4.60588490e-01 4.31506555e-01
 5.74928837e-02 6.44954740e-05 1.32406046e-01 2.01136857e-04
 1.97503257e-01 4.69404258e-01 7.55003331e-05 7.01645526e-05
 3.67510042e-01 2.37431589e-02 5.31826882e-05 5.68829036e-01
 1.08558890e-04 6.83870630e-05 5.44990168e-05 6.85532715e-05
 2.59680895e-01 1.48050752e-04 1.93114673e-04 5.06516314e-05
 3.03844069e-04 9.85663516e-05 1.61535394e-04 1.78318181e-04
 2.66234162e-04 4.69127838e-02 2.68492734e-04 1.08403823e-01
 2.67739954e-04 2.09318412e-04 2.28553434e-04 2.31981429e-05
 3.42617131e-02 8.56670938e-05 2.00194904e-04 8.63229830e-05] 
Variance:  [0.37102229 1.         1.         1.         0.53148293 1.
 0.08093219 0.55872689 0.30548325 0.0845696  1.         1.
 1.         1.         0.63886321 1.         0.64173827 1.
 1.         1.         0.9472675  1.         0.63820646 1.
 0.99999999 1.         0.32800945 1.         1.         1.
 0.03622199 1.         1.         1.         0.99998444 1.
 1.         1.         0.46641859 1.         0.9754712  0.89924678
 0.07425873 0.32865553 0.98499192 1.         0.08187491 1.
 0.27998523 0.4311261  1.         1.         0.15149064 0.97788779
 1.         0.10453236 1.         1.         1.         1.
 0.0250632  1.         1.         1.         1.         1.
 1.         1.         1.         0.98272488 1.         0.957854
 1.         1.         1.         1.         0.95045025 1.
 1.         1.        ] 
ys:  (80, 1) .....
 
