Configuration Settings:

 hyperkernel_type: matern_harmonic_kernel 	kernel_type: SE 	char_length_scale: 0.3 	sigma_len: 0.0001 	sigma_len_bounds:  [0.1, 1] 	signal_variance_bounds: [0.1, 1] 
number_of_samples_in_X_for_grid: 4 	number_of_samples_in_Xs_for_grid: 5 	number_of_test_datapoints: 100 	noise: 0.0 
hyper_lambda 0.1 	random_seed: 400 	max_X: 1 	min_X: 0 	max_Y: 2 	min_Y: 1 
bounds: [[0, 1]] 	number_of_dimensions: 1 
signal_variance: 1 	number_of_basis_vectors_chosen:  1 	basis_weights_bounds: [0.1, 1] 
number_of_subspace_selection_iterations: 5 	number_of_iterations_best_solution: 5 
number_of_init_random_kernel_y_observations: 4 	acq_fun_list: ['UCB'] 
Length scale bounds:  [[0.1, 1]] 	number of restart likelihoods:  100 	hyper_char_len_scale:  0.1 
Dataset:  concreteslump 

###################################################################
 
Generating results Start time:  042639_29052021 




Mean:  [0.22741399 0.28603272 0.44617536 0.36409678 0.14479069 0.20758499
 0.30251889 0.0124124  0.18913392 0.30558108 0.48236371 0.20595903
 0.25779863 0.42487495 0.57648612 0.23107982 0.56264143 0.49365318
 0.79635232 0.08288579 0.41652645] 
Variance:  [0.90462776 0.37026357 0.53055126 0.51893963 0.60659479 0.82899532
 0.26782112 0.96919287 0.62280088 0.86023371 0.38921728 0.52046085
 0.88458132 0.45115556 0.00443531 0.42361251 0.31497815 0.38766766
 0.0517431  0.97071785 0.43175426] 
ys:  (21, 1) .....
 




Mean:  [0.23204012 0.3871299  0.33224169 0.20129426 0.2192758  0.08679146
 0.41869465 0.57263128 0.33727899 0.79170979 0.51726572 0.36761048
 0.38709922 0.58945953 0.1542962  0.02627742 0.28327897 0.31927275
 0.64423817 0.36278511 0.19796487] 
Variance:  [0.63076667 0.32021976 0.30972613 0.79358444 0.52712601 0.98597376
 0.68145394 0.28637692 0.89198285 0.04242995 0.34509392 0.41088457
 0.3745344  0.44689928 0.98514839 0.96874855 0.54303748 0.74508369
 0.18104789 0.38497428 0.7390477 ] 
ys:  (21, 1) .....
 




Mean:  [0.64310025 0.35919287 0.44508122 0.22418932 0.36250883 0.27200111
 0.27719013 0.51904532 0.49733752 0.26181129 0.60735364 0.16832872
 0.39319077 0.2239216  0.01629311 0.41066521 0.35569885 0.29548214
 0.21659735 0.49335251 0.38635269] 
Variance:  [0.02260969 0.47700598 0.47111619 0.65351858 0.394525   0.42934557
 0.6377571  0.48935123 0.47769263 0.76962155 0.45489218 0.93330058
 0.17069468 0.50255681 0.97038486 0.40202807 0.61452377 0.80660116
 0.80953221 0.38165473 0.32856932] 
ys:  (21, 1) .....
 




Mean:  [0.12300188 0.24624313 0.17537866 0.1670718  0.19927012 0.06619825
 0.43076363 0.14718809 0.47892425 0.1992408  0.3060986  0.53155627
 0.42729121 0.44859632 0.16936663 0.12432045 0.48671502 0.4882821
 0.51134519 0.62329395 0.07803157] 
Variance:  [0.51967714 0.49117923 0.84265759 0.60728222 0.65364211 0.99486652
 0.48436809 0.83606164 0.69013564 0.69888382 0.8968385  0.53964627
 0.71157224 0.38339337 0.64732801 0.86565963 0.37646876 0.50654453
 0.41877197 0.26780313 0.98339495] 
ys:  (21, 1) .....
 




Mean:  [0.01070926 0.23750108 0.42764544 0.23965856 0.22977969 0.5769456
 0.2794163  0.21824736 0.43599723 0.1310521  0.53293878 0.39818684
 0.36330707 0.33403148 0.38793079 0.64007097 0.17593317 0.14697356
 0.27783219 0.33985699 0.25336374] 
Variance:  [0.96924806 0.91265427 0.30346113 0.4232504  0.53168345 0.00443721
 0.9429406  0.57788409 0.42191881 0.93136365 0.38354669 0.19332426
 0.32004204 0.51310537 0.3756915  0.02359333 0.52031644 0.85381427
 0.50489258 0.45124598 0.59395211] 
ys:  (21, 1) .....
 




Mean:  [0.50316904 0.41483295 0.06368633 0.16940746 0.57565104 0.79505953
 0.39586806 0.1681406  0.45092877 0.55501687 0.12830109 0.35789737
 0.43608966 0.18999298 0.13157518 0.44920218 0.60491396 0.17371581
 0.08795333 0.32439205 0.50824829] 
Variance:  [0.37107882 0.6814478  0.99272833 0.78510396 0.00485975 0.04395508
 0.20303633 0.9471863  0.61018047 0.10205542 0.91572615 0.39521766
 0.7943334  0.73895632 0.86677104 0.22808134 0.45518498 0.94708346
 0.97085491 0.71182491 0.6917277 ] 
ys:  (21, 1) .....
 




Mean:  [0.18134575 0.34939729 0.07848233 0.15480546 0.2207131  0.5756487
 0.23752324 0.47058155 0.50676723 0.10672577 0.14683551 0.36927344
 0.29859931 0.3382122  0.23675884 0.15790943 0.6179275  0.23650496
 0.38790794 0.45963265 0.48341586] 
Variance:  [0.55661889 0.50688421 0.98332901 0.98372979 0.89753853 0.00477631
 0.50975551 0.70822699 0.37734889 0.93118861 0.84811496 0.41695797
 0.70339788 0.75761877 0.66829131 0.94752161 0.45354643 0.59206292
 0.16255097 0.36139737 0.37509664] 
ys:  (21, 1) .....
 




Mean:  [0.2232845  0.2507091  0.33984347 0.01397846 0.45568607 0.33449741
 0.09167247 0.02902986 0.24739987 0.28851792 0.4044266  0.40722538
 0.28732592 0.14267161 0.19157425 0.26193178 0.40878197 0.18391898
 0.22137366 0.4077744  0.41540809] 
Variance:  [0.44041056 0.52437712 0.54396424 0.97050029 0.34951203 0.48303224
 0.96493914 0.9698833  0.75611647 0.71147342 0.15849483 0.57176105
 0.58104709 0.57410473 0.7496858  0.79347537 0.6827504  0.55335103
 0.68728972 0.18885543 0.48950661] 
ys:  (21, 1) .....
 




Mean:  [0.14419399 0.01023489 0.1452911  0.27022438 0.45197867 0.062722
 0.154975   0.28017338 0.29676581 0.4025913  0.40415387 0.30065694
 0.35744424 0.08814183 0.5592081  0.33636074 0.65509208 0.59212767
 0.15364677 0.18993141 0.08693808] 
Variance:  [0.96673292 0.93718547 0.85565108 0.72879696 0.80916532 0.994981
 0.86345144 0.3568559  0.65326688 0.57410073 0.39674427 0.41785411
 0.53689081 0.93490005 0.60049473 0.51024165 0.18088505 0.31998144
 0.87674902 0.67020746 0.98199283] 
ys:  (21, 1) .....
 




Mean:  [0.46749137 0.27977984 0.26072282 0.27226979 0.19198352 0.39173577
 0.14148744 0.22813043 0.22682169 0.26347619 0.22201905 0.34701509
 0.39165774 0.15391348 0.57678509 0.51026672 0.30354475 0.37737511
 0.00926282 0.38422408 0.65493238] 
Variance:  [0.49971403 0.86039749 0.86352201 0.60246874 0.55075477 0.16213749
 0.78963119 0.90353407 0.50564054 0.88285394 0.65343226 0.53436674
 0.5140094  0.87674757 0.00444173 0.69894157 0.89651409 0.43715062
 0.93718322 0.68626814 0.18587756] 
ys:  (21, 1) .....
 
