Configuration Settings:

 hyperkernel_type: matern_harmonic_kernel 	kernel_type: SE 	char_length_scale: 0.3 	sigma_len: 0.0001 	sigma_len_bounds:  [0.1, 1] 	signal_variance_bounds: [0.1, 1] 
number_of_samples_in_X_for_grid: 4 	number_of_samples_in_Xs_for_grid: 5 	number_of_test_datapoints: 100 	noise: 0.0 
hyper_lambda 0.1 	random_seed: 400 	max_X: 1 	min_X: 0 	max_Y: 2 	min_Y: 1 
bounds: [[0, 1]] 	number_of_dimensions: 1 
signal_variance: 1 	number_of_basis_vectors_chosen:  1 	basis_weights_bounds: [0.1, 1] 
number_of_subspace_selection_iterations: 5 	number_of_iterations_best_solution: 5 
number_of_init_random_kernel_y_observations: 4 	acq_fun_list: ['UCB'] 
Length scale bounds:  [[0.1, 1]] 	number of restart likelihoods:  100 	hyper_char_len_scale:  0.1 
Dataset:  airfoil 

###################################################################
 
Generating results Start time:  042213_29052021 




Mean:  [ 5.79725044e-01  7.80907187e-01  2.13444193e+01  7.44655689e-01
  6.57248303e-01  9.45932026e-01  7.37933305e-01  4.37857577e-01
  7.20165467e-01  6.57196107e-01  9.28556365e-01  6.05911592e-01
  6.35818557e-01  4.41591033e-01  1.04620549e+00  5.73849849e-01
  2.34379777e-01  6.59675219e-01 -2.40896572e+00  7.03641579e-01
  5.74212104e-01  4.32803106e-01  6.92800335e-01  2.29331996e+00
  7.52152966e-01  1.31941623e-01  5.85528876e-01 -3.04454044e-01
  4.45085394e-01  7.32169445e-01  9.12465977e-01  7.55679378e-01
  5.29473277e-01  4.79770685e-01  5.75465597e-01  7.97566432e-01
  6.43516868e-01  6.86520120e-01  7.20126289e-01  6.54123783e-01
  6.95466743e-01  3.46927459e-01  4.99850089e+01  2.14638378e-01
  6.23381462e-01  6.48472948e-01  3.82937019e-01  8.90386167e-01
  7.04070698e-01  8.48034604e-01  6.38593596e-01  8.54528886e-01
  6.33105512e-01  3.27997178e-01  2.82829117e-01  7.25542422e-01
  7.16597969e-01  7.33143668e-01 -7.58941469e+01  1.95528592e-01
  8.75922295e-01  4.89300314e-01  3.92824028e+00  6.57626144e-01
 -1.19298254e-01  6.84562793e-01  6.43689875e-01  5.70104090e-01
  5.59167561e-01  6.79592874e-01  1.72365371e+01  4.96547429e-01
  7.60588619e-01  5.03789165e-01  2.38749192e+00  3.55219209e-01
  3.57770589e-01  4.82061112e-01  5.55582337e-01  5.87629753e-01
 -9.75883694e-01  6.71242166e-01  6.68818031e-01  8.36038269e-01
  7.50596322e-01  7.61418775e-01  5.73073109e-01  5.41325697e-01
  4.18656203e+00  6.75896990e-01  8.43686139e-01  3.25593909e-01
  3.96800369e-01  7.13329508e-01  7.93575503e-01  3.51618216e+01
  6.00437709e-01  4.56242084e-01  6.58529944e-01  4.12987492e-01
  7.48600519e-01  6.68228175e-01  5.77874548e-01 -1.37779925e+00
  7.07402528e-01  6.47735346e-01  3.26504137e-01  8.84863100e-01
  6.55021393e-01  7.32730682e-01  3.00647224e+01  2.74780466e+00
  5.52434672e-01  4.76293363e-01  6.71653061e-01  6.58302245e-01
  5.62384577e-01  6.19654101e-01  2.18246001e+01 -2.74993687e+00
  4.84564125e+00  8.01952436e-01  8.37411429e-01  6.42996894e-01
  6.53792818e-01  3.94852389e+00 -4.53558064e+01  3.17431244e-01
  6.14303139e-01  6.22057521e-01  4.92078689e-01  5.75086530e-01
  6.76588317e-01  4.76160146e+00  6.79947488e-01  5.16420995e-01
  7.75969990e-01  6.73626989e-01  4.67304755e-01  7.05960268e-01
  8.11975289e+00  5.44802186e-01  6.33007292e-01  6.21880931e-01
  5.02368055e-01  5.22944630e-01  2.92862505e+00  7.48488877e-01
  3.26871413e-01  6.81347925e-01  6.13471092e-01  1.53129324e+00
  6.62873855e-01  8.26092503e-01  4.58037727e-01  8.57532354e-01
  7.45453160e-01  9.86692580e-01  9.94054432e-01  5.44516070e-01
  1.01817795e+00  8.04465876e-01 -3.30143016e+01  6.73777807e-01
  4.85418180e-01  1.10394981e-02  4.13100823e-01 -1.79659972e+01
  1.93940263e+00  4.40873534e-01  7.14132855e-01  5.88384843e-01
  2.38372604e+00  5.72287679e-01  2.36392415e-01  2.56001296e-01
  5.60257311e-01  6.13278407e-01 -2.72665849e-01  8.07612041e+00
  8.78954643e-01  6.71572666e-01  6.00322562e-01  6.00962543e-01
  7.56369837e-01  6.85493234e-01  6.82316992e-01  6.14314855e-01
  3.07001289e-01  4.93856307e-01  4.66109269e-01  5.58300854e-01
  7.37439317e-01  6.96302420e-01  6.09808211e-01  8.02481380e-01
  6.82798152e-01  4.42029555e-01  9.33914927e-02  3.53239904e+00
  4.49940799e-01  2.10305468e-01  4.82854720e-01  6.19271539e-01
  7.37199614e-01  2.99960135e-01  1.68087437e+01  2.41064712e-01
  5.26386047e-01  5.37541278e-01  6.27253630e-01  6.95170326e-01
  6.82644085e-01  6.62232525e-01  7.17180645e-01  6.54810589e-01
  8.40221940e+00  5.27628708e-01  5.88496479e-01  6.95371159e-01
  2.72770704e-01  3.28116007e+00  5.95306105e-01  6.38019129e-01
  1.37609383e+01  3.79080039e+01  7.78489853e-01  9.42490491e-01
  3.54325708e-01  3.06005547e-01  8.11978857e-01  6.21063486e-01
  7.60649749e-01  6.54739740e-01  5.65343226e-01  9.48403763e-01
  7.26704188e-01  4.08515723e-01  7.81612740e-01  6.42518609e-01
  4.56065785e-01 -4.99924656e-01  6.96969746e-01  7.11568983e-01
  8.18419773e-01  6.87392668e-01  9.13188577e-01  1.28409191e-01
  7.07765652e-01  5.50906318e-01  7.65959502e-01  5.14752530e-01
  5.52965268e-01  4.91232405e-01  6.67620082e-01  9.10804732e-01
  7.76945321e-01 -5.42292922e+01 -9.51461217e-01  5.18964701e-01
  6.22581147e-01  5.36337419e-01  4.71302608e-01  6.10525582e-01
  8.10232577e-01  5.38830712e-01  6.45224790e+00  4.73638776e-01
  8.35001639e-01 -6.51840909e-01  6.69564943e-01  5.20349043e-01
  3.35518634e-01  4.70107412e-01 -1.05762775e+00  8.34455876e-01
  2.21259543e-01  4.80995595e-01  7.50758963e-01  7.02819007e-01
  5.14435162e-01  6.13215837e-01  6.16194525e-01  1.51507386e-01
  5.82226415e-01  8.18795249e-01  7.22766426e-01  6.28728582e-01
  7.17146639e-01  4.46278027e-01  2.66628770e+01 -9.52567519e+00
  7.07295658e-01  7.06140610e-01 -5.61103478e+00  3.27515265e+00
  7.81673824e-01  6.90870985e-01  5.07706372e-01  8.87970889e+00
  6.30533071e-01] 
Variance:  [4.90052443e-12 5.18030063e-13 3.92779397e-05 1.76947346e-12
 3.65707464e-13 1.96438754e-10 2.43205456e-12 4.23550084e-13
 5.00932629e-13 4.69291273e-13 1.11701715e-09 3.79585252e-13
 6.09179374e-13 4.21174207e-12 7.14062109e-08 3.29514194e-13
 1.87874272e-10 6.54143406e-13 1.98037723e-08 4.31210623e-13
 8.00803868e-13 3.49120732e-12 1.75282011e-12 1.01457498e-08
 5.47561996e-13 1.34103839e-12 2.11741735e-12 4.30457892e-11
 3.86801702e-12 3.63598041e-13 3.78808096e-13 4.23994173e-13
 2.23165930e-12 1.59585900e-10 4.79138951e-12 7.93809463e-13
 3.43391982e-13 4.02233802e-13 4.54636329e-13 7.51509965e-13
 3.88467036e-13 3.90909527e-13 6.17022811e-06 1.45903289e-11
 1.05992992e-12 4.31987779e-13 3.18078897e-13 1.18227650e-12
 8.23796587e-12 2.53352894e-13 2.48285881e-09 2.12629914e-12
 1.28871358e-11 7.65854047e-12 4.63518113e-13 2.67885714e-12
 5.85642645e-13 5.82534021e-13 3.99608282e-05 1.72071246e-11
 4.96491737e-13 6.17950136e-12 2.44688807e-06 5.19584376e-13
 1.22939781e-09 2.45026222e-12 2.57338595e-12 3.88855614e-12
 6.12399020e-13 7.98139332e-13 6.80899123e-07 5.87419002e-13
 1.01352260e-12 3.51296769e-12 4.39410736e-08 3.69737574e-12
 1.33773226e-09 5.78259662e-12 2.53486121e-12 9.27369292e-13
 5.48543894e-06 3.53606033e-13 9.99755834e-13 1.32448497e-11
 1.26321176e-12 2.00006678e-12 6.19913010e-11 2.13185025e-12
 5.67465804e-08 4.25992575e-13 1.66777703e-12 1.75448545e-12
 1.96598293e-12 1.25843780e-12 4.88376006e-12 2.99553915e-07
 2.13318252e-12 3.61266572e-13 2.56794586e-12 9.82991466e-13
 7.45181694e-13 3.74700271e-13 4.36828351e-12 2.33973210e-07
 2.20323759e-12 4.08451051e-13 1.44709800e-11 1.03184128e-12
 2.05180317e-12 4.19109192e-13 2.73625441e-06 7.06942538e-08
 5.13720178e-11 4.34097203e-13 3.90465438e-13 1.03050901e-12
 2.65054645e-12 8.29092350e-12 3.73761854e-08 1.83751531e-07
 6.04233729e-07 7.60169705e-13 6.46260823e-13 7.58615393e-13
 6.02518035e-13 5.79554611e-06 2.08443994e-03 3.48676643e-12
 6.01296790e-13 5.45341550e-13 4.17776924e-13 5.65214542e-13
 3.81441545e-11 4.88755836e-09 3.83582055e-13 5.65214542e-13
 2.20434782e-12 5.26101385e-12 7.11986026e-13 6.36379838e-13
 6.88068345e-08 5.59330360e-13 1.27864386e-12 2.72941336e-10
 6.24389429e-13 5.60935742e-11 4.00431088e-09 1.05788711e-11
 2.73783984e-09 5.38569189e-13 5.89238658e-11 5.85508819e-09
 7.64499575e-13 3.21365157e-12 3.07065484e-12 4.71689354e-12
 7.32747196e-13 9.67115277e-13 3.83099075e-08 1.18993704e-12
 2.98824310e-09 1.18416388e-12 4.78411218e-05 3.51496610e-13
 2.17581508e-12 3.26952909e-10 7.88591414e-13 3.02722535e-05
 4.91418239e-10 1.39066536e-12 4.30222524e-12 5.28022071e-13
 8.22015674e-08 5.27689004e-13 5.51059198e-12 9.30588939e-13
 2.02090567e-11 6.83009205e-13 1.03205477e-06 7.45051600e-06
 1.57684976e-12 6.15951734e-13 2.44393394e-12 6.01152461e-12
 5.28133093e-12 1.37523326e-12 9.24704757e-13 3.43071238e-10
 5.14266407e-12 2.42283971e-12 5.92637051e-13 1.18268728e-11
 3.38662431e-12 5.47561996e-13 3.60609672e-06 4.50617321e-12
 4.29878355e-13 5.63105118e-13 3.75333098e-12 4.91737300e-08
 2.20663487e-11 1.42474921e-12 1.58684177e-12 1.07424070e-10
 3.59601238e-13 1.28154765e-09 1.68603797e-06 3.01415004e-10
 1.85973459e-12 1.65787384e-11 3.89355215e-13 8.00548516e-12
 3.80162568e-12 5.87307980e-13 9.27591337e-13 3.90132371e-13
 1.03186963e-05 3.23640004e-11 3.11517478e-12 1.50734980e-12
 2.36249909e-11 4.55660998e-09 8.74189610e-13 2.50374677e-09
 1.98339736e-08 4.40122804e-05 1.85551574e-12 1.09652287e-11
 2.89834823e-12 4.59299265e-13 3.66684461e-12 4.49529303e-13
 5.46562795e-13 4.65072425e-13 5.36937161e-12 6.47392140e-11
 4.35762537e-13 8.11350986e-13 6.07180972e-13 6.29940544e-13
 8.19233570e-13 2.21614725e-08 6.88782364e-13 1.92642713e-09
 8.97615315e-13 3.80177001e-11 1.21247457e-12 3.72302189e-12
 1.95699013e-12 1.58493219e-11 8.66418048e-13 2.50264254e-11
 2.43904896e-12 1.65435443e-11 4.00790512e-13 4.71511719e-13
 2.03081665e-08 2.92407393e-04 4.54573468e-09 4.30322444e-13
 8.44033732e-11 1.31196454e-09 1.04223297e-11 4.69513317e-13
 1.36668454e-12 4.28324043e-13 1.82472582e-07 1.36246570e-12
 3.40727446e-13 2.56195098e-09 4.31432667e-13 4.24000168e-10
 9.70390435e-12 3.99636324e-10 2.96971890e-08 1.49676938e-11
 6.56708021e-11 5.65214542e-13 1.26352928e-09 3.45279361e-13
 5.86286575e-12 3.58046925e-13 6.91628976e-11 1.10429443e-11
 7.18869408e-13 4.24549285e-13 7.47862913e-08 5.41566791e-13
 5.56887869e-13 2.76771051e-10 1.09149431e-05 2.93783233e-06
 1.63147273e-12 7.12763182e-13 3.75987921e-07 1.37060573e-06
 5.00377517e-13 5.41056089e-12 4.25437463e-13 2.08644793e-04
 4.77173856e-13] 
ys:  (301, 1) .....
 




Mean:  [ 7.68002229e-01  7.37418726e-01  6.02457771e-01  4.32501647e-01
  5.90570108e-01  3.34530005e-01  5.27780385e-01  2.70503851e-01
 -8.07781695e-02  4.60320963e-01  7.34384500e-01  4.85356895e-01
 -8.97695074e+00  9.08565949e-01  5.98630205e-01  6.27220168e-01
  7.15612139e-01  6.65008630e-01  5.37949934e-01  7.66829217e-01
  4.38476130e-01  2.99430273e-01  5.50369660e-01  5.54774440e-01
  6.50790674e-01  6.37604864e-01  3.26061191e-01  6.80358170e-01
  4.50951852e-01  6.13879689e-01  7.33462247e-01  1.93584827e+01
  7.22572323e-01  3.80683121e-01  7.36072408e-01  5.70657209e+00
  6.38125599e-01  6.31139763e-01  6.26121218e-01  6.70915195e-01
 -6.06809557e+00  7.61331174e-01  7.85528260e-01 -2.46448583e+01
  8.66620453e-01  3.75471908e-01  5.52050131e-01  2.80452326e-01
  7.60483734e-01  3.83509885e-01  7.32862201e-01  3.32375855e-01
  8.12838162e-01  6.14105896e-01  3.03057350e-01  6.38194136e-01
  4.67198973e-01  7.11644863e-01  5.84505922e-01  7.76453312e-01
  6.88805344e-01  4.49006976e-01  6.73600729e-01  7.19982236e-01
  4.58496159e-01  7.01754682e-01  6.01446009e-01  6.03654931e-01
  6.18375663e-01  5.37364378e-01  1.52656489e-01  4.39923818e-01
  7.67067278e-01  4.34480717e-01  5.53607096e-01  7.74451905e-01
  7.13577970e-01  8.31744759e-01  7.41527488e-01  5.57783508e-01
  6.71715277e-01  1.12273360e-01 -3.79116988e+00  6.79963463e-01
 -1.48381630e+00  6.33062304e-01  5.32173791e-01 -6.77708004e-01
  6.46659031e-01  4.06006895e-01  6.67312343e-01  7.44724028e-01
  5.01921437e-01  8.30611283e-01  1.20477385e-02  6.86203023e-01
  8.57081472e-01  8.91677120e-01  4.82319949e-01  8.06007868e-01
  4.95856107e-01  6.65568088e-01  4.70152664e-01  3.27700867e-01
  6.16859533e-01 -2.94256593e+00  1.09005907e+00  8.33439693e-01
  6.72116983e-01  6.60985791e-01  1.21536289e+01  7.27827289e-01
  8.03136088e-01  5.74146588e-01  4.90751873e-01  6.38730443e-01
  2.87247137e-01 -7.45077072e+01  2.90167987e-01  7.29689469e-01
  5.02071990e-01  3.32675882e-01  2.98152541e-01  7.17636091e-01
  6.98224774e-01  6.28941221e-01  8.18878793e-01  5.44917682e-01
  6.03071384e-01  8.02868376e-01  8.09332609e-01  6.25171946e-01
  7.78809504e-01  8.09040991e-01  5.27178217e-01  6.83860705e-01
 -9.02140354e+00  6.18242959e-01  2.72916761e+00 -1.41218547e+00
  3.26449666e-01  5.32638497e-01  4.51309257e-01  4.45866267e-01
  7.78475197e-01  7.71677710e-01  5.21998635e-01  6.85224285e-01
  6.77386091e-01  7.02454419e-01  4.26343393e-01  9.18814010e-01
  5.45935311e-01 -1.99535195e+00  8.05164217e-01  6.32850565e-01
  6.27394368e-01  1.62790640e-01  5.20921756e-01  5.16525169e-01
  2.53338860e+01  6.58454602e-01  2.67731274e+01  6.34581823e-01
  5.53212408e-01  6.56047547e-01  5.53753993e-01  4.93479899e-01
 -2.05806663e+00  6.55908772e-01  7.21045510e-01  6.86530223e-01
 -2.31432651e+00  2.02319230e-01  7.96881956e-01  4.49331971e-01
  5.59739531e-01  5.81048668e-01  7.26294315e-01  4.61953471e-01
  6.14383640e-01  5.82960764e-01  2.14782812e+01  4.69832825e-01
  5.92746510e+00  7.00166795e-01  6.19174348e-01  7.40396929e-01
  6.13128108e-01  7.87319791e-01  6.90690242e-01  7.17438603e-01
 -2.58197733e-02  6.70767718e-01  7.41669188e-01  4.22145768e-01
  8.30995794e-01  4.05046979e-01  4.27367216e-01  5.61490238e-01
  8.37618071e-01  8.24091733e-01  8.48847705e-01  7.38124664e-01
  1.34607302e+00  6.36661927e-01  8.68566797e-02  7.32804688e-01
 -1.17136486e+00  6.15905792e-01  4.40875739e+01  7.41407234e-01
  7.69355850e-01  3.15839021e-01 -8.03411858e-01  3.38381287e-01
  3.60723933e+00  6.63826972e-01  9.34260512e-02  8.33784518e-01
  6.83794103e-01 -8.68604482e+00 -6.11488387e-02  4.46471415e-01
  6.07473650e+00  5.40389922e-01  4.64569349e-01  5.89671401e-01
  6.24225609e-01 -5.92697900e+01  6.34038647e-01  6.23361640e-01
  6.38488306e-01 -1.27843285e+02  7.66613520e-01  4.05327448e-01
  6.58533863e-01  3.85960156e-01  6.70688346e-01  7.20696663e-01
  5.51757733e-01  4.40625244e-01  6.40792747e-01  8.29038769e-01
  5.97798724e-01  4.77640472e-01 -5.17717049e+01  1.11358832e-01
  7.06833218e+00  5.35087490e-01  5.96562991e-01  2.19341854e+01
  6.06216451e-01  2.63932028e+00  8.34802421e-01  6.77746710e-01
 -2.40664742e-01  4.63785360e-01  7.64820717e-01  7.32215060e-01
  6.96433065e-01  6.70181125e-01 -9.30175384e+00  8.46016067e+01
  3.81280565e+01  6.48055185e-01  6.66457498e-01 -3.17146975e+02
  7.64175070e-01  5.04376981e-01  7.38145936e+00  8.18910174e-01
  5.80854265e-01  4.38146390e-01  9.37249556e-01  4.80941559e-01
  7.11531219e-01  3.08095439e+00  4.25120132e-01  5.71905561e-01
  5.65993360e-01  4.94474794e-01  6.65037222e-01  6.60859366e-01
  6.46458312e-01  5.40461418e-01  8.81043151e-01  3.58778173e-01
  7.10246182e-01  7.98024032e-01  4.54587058e-01  3.68590751e-01
  5.21008003e-01  2.34514267e-01  2.87463462e-01  7.74688785e-01
  7.09245794e-01  1.80035263e-01  7.00952473e-01  6.29145142e-01
  1.22549476e+00] 
Variance:  [1.07147624e-12 1.63424829e-12 5.96300787e-13 3.10134096e-09
 8.82294238e-13 2.52343146e-10 4.22439861e-13 1.31830324e-10
 9.29527078e-09 7.02771175e-13 4.64172145e-10 7.68167752e-11
 1.46981529e-06 3.53495011e-13 1.19704247e-12 5.66314884e-10
 3.92685884e-13 2.19813057e-12 6.24167384e-13 8.83404461e-13
 1.98452366e-12 1.05671027e-12 2.19901874e-12 8.16768875e-12
 7.53952456e-13 3.74367204e-13 9.76441150e-13 4.86832796e-13
 4.05555145e-10 3.48465701e-12 3.59934305e-13 1.81140996e-05
 8.07465206e-13 3.34954287e-13 7.48623386e-13 4.80369182e-08
 5.44897460e-13 4.00068867e-12 7.14761583e-13 3.94129174e-13
 2.76984280e-09 6.90336677e-13 1.72595271e-12 9.93939472e-07
 2.11963780e-12 5.56221735e-12 1.23439792e-09 7.95585819e-12
 2.65232281e-13 1.66291203e-10 3.16554560e-11 3.35897976e-12
 6.28164187e-13 5.92081939e-13 3.87789800e-12 7.19979631e-13
 9.02833364e-13 7.43072270e-13 5.57109914e-13 1.28419497e-12
 4.94271291e-13 3.82249787e-13 1.30284672e-12 3.67039732e-13
 2.08955075e-12 2.07855955e-12 7.76934073e-13 2.20823360e-12
 5.94446714e-12 1.03390629e-11 3.32293082e-11 6.40265618e-13
 4.87387908e-13 4.44821957e-12 3.77475828e-13 4.44977388e-13
 2.37170505e-10 9.71112080e-13 1.34736666e-12 5.01154673e-13
 6.07625061e-13 1.07391873e-12 3.04320544e-08 5.17141885e-13
 9.23311947e-08 1.05682130e-12 4.18179869e-09 4.12528882e-08
 4.63159511e-11 1.42963419e-12 9.29811783e-13 5.53279644e-12
 1.87072580e-12 2.44528842e-10 5.45934409e-11 4.45865567e-13
 1.14164234e-12 1.60113589e-10 3.12150306e-12 1.20103927e-12
 5.76982906e-13 5.56887869e-13 5.50814949e-12 4.39231202e-07
 4.26567937e-09 1.17870841e-07 3.79571263e-10 5.14972509e-11
 2.27140529e-12 1.58684177e-12 1.29236915e-05 1.06903375e-12
 5.94635452e-13 4.79172257e-13 1.03139719e-12 6.20170582e-13
 7.78643816e-12 7.98040600e-03 1.33064670e-11 2.94986258e-13
 7.25197680e-13 6.40820730e-13 5.22693000e-13 3.97197608e-10
 7.36521955e-13 3.86357613e-13 5.30908650e-13 4.79394302e-13
 2.40973907e-11 6.75903777e-13 1.31961109e-12 4.94493335e-13
 7.15927317e-12 3.11556336e-11 8.10684853e-13 1.78135284e-12
 1.42099997e-06 1.01927355e-11 1.51175672e-09 5.85200777e-10
 3.17634807e-13 1.58395519e-12 1.07313936e-10 3.80732113e-11
 1.14618537e-10 7.26085858e-13 8.22342194e-13 3.27293748e-12
 2.20434782e-12 1.72029058e-12 2.51954013e-12 2.87353474e-11
 5.63715741e-12 1.90534878e-07 7.04991621e-13 7.94919686e-13
 7.73825448e-13 1.48767665e-11 3.26183525e-13 5.59885471e-13
 1.22492585e-07 4.19997370e-13 4.67674646e-05 4.70845585e-13
 1.26521016e-12 4.49640325e-13 2.48567833e-12 4.55775417e-11
 1.58930014e-08 1.82653892e-12 5.84199356e-13 1.35017553e-11
 1.11580967e-07 6.74460487e-13 9.56790203e-13 2.73936429e-12
 1.65722991e-12 2.70006240e-13 2.81330514e-13 9.86211113e-13
 5.84990945e-11 8.51652082e-12 1.69871595e-07 5.73763259e-13
 1.43723713e-08 5.79547521e-12 1.15052412e-12 9.42135259e-13
 9.29145649e-13 1.63102865e-12 6.52033982e-13 1.64734892e-11
 4.79418727e-11 4.27102798e-13 4.60964600e-13 3.12638804e-13
 1.29897870e-10 1.27658206e-09 2.90545366e-13 1.85140792e-12
 9.40358902e-13 5.24802424e-13 3.49942297e-13 5.78870285e-13
 3.47886275e-10 4.81614748e-13 4.06460314e-08 6.85562718e-13
 6.18299948e-08 1.68109970e-12 7.20728296e-07 8.30446822e-13
 5.19584376e-13 1.07513998e-11 2.54971391e-08 8.41882120e-13
 7.98829036e-09 1.95166105e-12 1.61581859e-12 7.76045894e-13
 6.97997216e-13 1.24069114e-05 2.14747409e-09 4.46864767e-12
 6.15579088e-08 8.45878922e-13 1.37112544e-11 1.33015821e-12
 8.67195205e-13 4.98916970e-07 3.18856053e-13 4.88563634e-11
 8.21009927e-13 4.96226568e-03 9.05531206e-12 1.04971587e-12
 1.44839696e-12 5.63382674e-12 5.00821606e-13 1.37339291e-06
 4.43201031e-13 1.00597308e-12 1.01874065e-12 5.16334753e-11
 1.05315756e-12 1.97950323e-10 1.75183983e-07 4.57348714e-10
 2.46413225e-08 1.32560629e-12 1.17679011e-09 3.80519413e-05
 1.26321176e-12 3.97391383e-06 6.02518035e-13 1.35746969e-12
 5.15668752e-09 1.88782323e-12 7.18536342e-13 3.59823282e-13
 2.88502555e-12 4.15112389e-13 9.23720461e-08 1.48490897e-06
 4.48120753e-04 3.25883764e-12 1.69531056e-12 1.53639887e-02
 1.13209442e-12 1.30183962e-08 4.57588207e-08 2.70916622e-12
 5.24624788e-12 4.69713157e-12 4.27990976e-13 4.31654712e-13
 3.91686683e-13 8.24363100e-09 1.02573505e-12 1.71229697e-12
 4.13558077e-13 3.05167003e-11 8.07909295e-13 9.02944386e-13
 8.24118551e-13 1.92323935e-12 5.18918242e-13 6.35036468e-12
 5.57220936e-13 4.73576733e-12 1.45483625e-12 7.57283125e-13
 2.68363110e-12 8.47044657e-11 2.38774556e-11 2.58149502e-10
 3.04090086e-13 2.64385847e-09 1.42907908e-12 3.88356014e-13
 5.26632959e-10] 
ys:  (301, 1) .....
 




Mean:  [ 3.84058525e-01  3.60018429e-01  7.34953175e-01  4.65797508e-01
  7.85312736e-01  6.02808708e-01  8.82242890e-01  2.39567809e+00
  5.67491750e-01  6.60830895e-01  6.46310768e-01  7.47660078e-01
  8.32998590e-01  5.31321994e-01  5.00806808e-01  4.76276182e-01
  6.63861564e-01 -4.25181100e-02  5.77239662e-01  7.45334555e-01
  8.10846139e-01  6.74036751e-01  4.75722371e-01  7.49481745e-01
 -1.84440311e+01  7.91127895e-01  4.94883663e-01  6.69126647e-01
  6.38477213e-01 -1.09541060e+00  8.77551904e-01  6.64928597e-01
 -2.31313190e-01  2.49482278e-01  2.51768459e-01  5.47159519e-01
  6.78104002e-01  8.31923281e-01  6.59088609e-01  6.79819167e-01
  6.61939620e-01 -6.04450340e+00  8.00024169e-01  1.62115420e-01
  5.82364410e-01  4.86180653e-01  3.97767054e-01  6.76306671e-01
  6.56806390e-01  6.33562605e-01  1.74641632e-01  3.73709604e-01
  6.33309266e-01  7.34831287e-01  5.76886933e+02  7.81733594e-01
  6.37893943e-01  4.88470621e-01  2.75601700e-01  8.14109850e-01
  6.23476427e-01  9.42996249e-01  8.46056072e-01  8.15329151e-01
  7.38367023e-01  4.69479451e-01  6.35214914e-01  3.88189871e-01
  1.68866416e+01 -1.72653235e-01  5.15200425e-01  4.69916943e-01
  6.58108455e-01  5.43615228e-01 -1.92867057e+01  7.20805318e-01
  5.37833065e-01  6.95128576e-01  6.59262710e-01  6.83270603e-01
  7.32174459e-01  7.36229339e-01  2.48134479e-01  7.91118014e-01
  7.18977184e-01  5.94451787e-01 -2.20589332e+01  3.47377561e-01
  5.64329707e-01 -3.16855494e+00  4.86811492e-01  7.53791731e-01
  5.80097877e-01  8.16782308e-01  6.29994867e-01  7.90989217e-01
  4.22912138e-01  7.33008346e-01  6.48740294e-01 -2.96449338e+00
  5.94453053e-01 -1.80119069e+02  5.72714207e-01  6.23319412e-01
  4.45193747e-01  5.60556180e-01  5.20034183e-01  6.59278003e-01
  7.60064347e-01  7.47266823e-01  6.09333144e-01  6.65217914e-01
  6.81878781e-01  7.31373479e-01 -1.12656870e+00  8.34353489e-01
  5.24543437e-02  3.65097205e-01  5.89831279e-01  7.09244939e-01
  2.98580241e-01  5.55015308e-01  3.68494026e-01  6.27427910e-01
  6.16784363e-01  6.07685949e-01  5.04313237e-01  3.46018896e-01
  6.10325382e-01  6.84597827e-01  7.10063859e-01  5.13101179e-01
  5.49548415e-01  6.74547335e-01 -7.78032930e-01  8.81736039e-01
  6.16274924e-01  5.19968376e-01  7.13452043e-01  5.82668172e-01
  3.34328279e-01  6.09146780e-01 -7.97561460e+01  8.07447393e-01
  5.28878318e-01  9.02646565e-01 -1.79691688e+00  6.50167163e-01
 -5.24380838e+01  3.12189793e-01  6.39010513e-01  4.30354936e-01
  7.49172375e-01  5.44431919e-01  4.95227566e-01  6.23833683e-01
  7.23437402e-01  2.84882645e+00  5.94506181e-01  3.11895280e-01
  1.07557200e+01  5.93387835e-01  6.37763925e-01 -8.26341064e-02
  5.94486316e-01  3.39601448e+00  1.94604661e-01  3.96726070e-01
  8.28002725e-01  2.91051260e-01  5.27007427e-01  3.74080031e-01
  8.14925080e-01  4.37629389e-01  3.40860321e-01  7.79747362e-01
  5.98337638e-01  4.93474013e-01  5.68013567e-01  2.49425605e-01
  6.52721145e-01  5.72177695e-01  5.98518911e-01  6.57456577e-01
  4.60040143e-01  6.14081166e-01  7.25290516e-01  6.20258445e+00
  5.70161839e-01  3.24765762e-01  6.12961301e-01  4.74243526e-01
  6.85333454e-01  8.79698584e-01  1.48230464e-01  6.12907066e-01
  6.48124349e-01  4.23935834e-01  1.30059484e-01  6.56107631e-01
  7.93326636e-01  7.72304146e-01  8.18089789e-01  7.13673459e-01
  6.16393307e-01  5.88587828e-01  7.33727413e-01  6.23938581e-01
  4.37569604e-01  7.03445094e-01  2.12819073e-01  5.29717990e-01
  3.15529095e-01  7.23288955e-01  6.92953822e-01  6.13825614e-01
  6.66466413e-01  7.43684595e-01  7.45471550e-01  7.78057205e-01
  7.78746186e-01  7.65429463e-01  7.52677434e-01  1.07581368e+01
  5.30946951e-01  5.52629094e-01  4.53357868e-01  7.14861147e-01
  8.20009181e-01  5.84666391e-01  5.90306693e-01  7.52078414e-01
  4.43762181e-01 -1.36268679e-01  5.60727790e-01  6.83617801e-01
  6.73731860e-01  4.62263424e-01  6.59668537e-01  6.36272922e-01
  3.91385785e-01  7.00242720e-01  1.55336568e-01  8.53517265e-01
  2.86097481e-01  8.60458939e-01  6.76725598e-01  7.74738163e+01
  5.71186169e-01  7.76537076e-01  6.09672065e-01  5.11015597e-01
  6.61294880e-01  3.11623541e+01  7.08719238e-01  5.81639239e-01
  5.62319835e-01  4.82717843e-01  1.27482652e+00  9.34494549e-01
  5.85364425e-01  7.12071705e-01  5.47211046e-01  4.35148241e-01
  7.75494778e-01  7.68443252e-01 -2.11831841e+02  8.85863376e-01
  5.28935729e-01  6.97980157e-01 -8.78716277e-01  4.60570400e-01
  6.68614145e-01  3.02936998e-01  3.76624915e-01  7.35597856e-01
  8.31632218e-01  5.28370554e-01  3.11977020e+00  8.87129991e-01
 -5.92677312e-02  7.20996851e-01  4.33421405e-01  5.04345575e-01
  7.47193600e-01  6.03116542e-01  8.47126356e-01  7.44964902e-01
  9.06883517e-01 -1.35052165e+00  7.23535917e-01 -2.88561501e-02
  6.89300839e-01  6.79937031e-01  7.25221541e-01 -3.89227697e-01
  3.84615441e-01  1.71295008e-01  7.66457182e-01  6.93350690e-01
  2.58294808e-01] 
Variance:  [2.00939106e-08 5.88751270e-13 7.52842233e-13 1.68687286e-12
 8.68638494e-13 1.94755323e-12 6.29429842e-12 5.04627403e-07
 1.92335037e-12 1.37156952e-12 4.83946216e-13 4.09350331e-12
 1.00608410e-12 5.41899858e-13 1.05597753e-11 8.82172113e-12
 1.23134836e-12 3.22767479e-10 2.90434343e-13 1.24900834e-09
 1.31927802e-12 7.89590615e-13 3.87245791e-13 4.99600361e-13
 2.41987756e-07 1.08968390e-12 6.91668944e-13 8.12350187e-13
 9.29252864e-09 6.41636966e-09 9.46753786e-12 9.65449942e-13
 4.31649971e-09 1.80792714e-10 3.79996035e-12 9.71667191e-13
 5.34349232e-11 8.87068197e-13 2.58537636e-12 5.97522032e-13
 1.11088916e-12 5.14265953e-07 6.21280805e-13 2.21095919e-10
 3.48832074e-13 1.23582256e-11 3.57638363e-11 1.23678845e-12
 9.86988269e-13 3.55759866e-12 5.03892483e-11 3.04182235e-10
 8.26561042e-13 1.41620049e-12 2.79293700e-02 6.01296790e-13
 5.40345546e-13 1.39133149e-12 1.06073483e-08 5.83422199e-13
 6.46815934e-13 4.34852154e-12 8.61866134e-13 7.43294315e-13
 8.06354983e-13 3.70181663e-12 4.29989377e-13 9.60453939e-13
 7.48085311e-08 2.90287483e-09 8.26116953e-13 2.01449968e-12
 5.38069589e-12 1.88893345e-11 4.50990470e-05 9.24371690e-13
 6.46149800e-13 8.38435987e-10 4.37538894e-13 3.94906330e-13
 8.55759907e-13 5.84754467e-13 8.28892510e-13 7.98583422e-13
 8.53983551e-13 1.49491530e-12 5.50745169e-06 9.89652804e-13
 6.48947562e-12 1.74050411e-07 1.98558947e-11 5.12034859e-13
 4.10560475e-13 1.01440301e-10 5.79425397e-13 5.72653036e-13
 8.00914890e-13 3.96460642e-13 1.77096116e-11 8.09203815e-09
 7.16204873e-13 6.85833163e-05 7.20201676e-13 8.72302230e-11
 2.92006530e-10 7.65609798e-13 4.75419704e-12 1.41908707e-12
 3.45168338e-13 8.43769499e-13 7.96251953e-13 3.04996028e-11
 4.52637927e-13 5.41344747e-13 3.53943553e-08 2.72093459e-12
 2.02341810e-10 2.20767848e-12 1.07858167e-12 6.94777569e-13
 1.25222055e-12 8.64086580e-13 3.22332272e-10 7.74269537e-13
 6.04849504e-13 3.46944695e-13 9.41358103e-13 1.19193544e-12
 8.54538662e-13 6.50590692e-13 5.29687405e-13 1.29896094e-12
 8.23585644e-12 5.85327231e-10 5.09925824e-09 8.71414052e-13
 3.88578059e-13 3.50719453e-13 1.95085059e-11 7.89701637e-13
 2.70519163e-11 3.77586851e-13 5.96018215e-04 3.02802228e-12
 2.72645462e-10 1.52677870e-12 1.14474143e-06 5.57331958e-13
 1.29329905e-05 1.17580057e-10 5.44120304e-13 2.70128364e-12
 1.50313095e-12 4.21662705e-13 5.67101921e-13 6.54143406e-13
 7.22533144e-13 7.23180260e-07 6.40776321e-12 2.15334084e-10
 4.44861586e-07 5.67490499e-12 3.67372799e-13 4.56513505e-09
 1.39024348e-11 3.57125185e-09 2.72312284e-10 6.16950935e-13
 7.52065077e-13 4.54120075e-11 2.55795385e-13 1.51535684e-09
 4.62407890e-13 1.63929981e-11 3.87978538e-12 5.80646642e-13
 4.67292871e-13 3.62352370e-11 6.74349465e-13 8.13127343e-13
 2.28916885e-12 4.16333634e-13 2.16604512e-12 1.06337161e-12
 2.47627696e-10 2.87092572e-12 1.13009602e-12 6.43516734e-08
 5.07260900e-13 2.56794586e-13 5.40900658e-13 2.47601939e-12
 9.44577749e-13 4.21389590e-11 5.22615284e-12 4.37760939e-13
 8.17568235e-13 3.65520947e-11 2.87349811e-10 3.04090086e-13
 3.47388784e-13 9.52904422e-13 5.17431653e-11 4.67403893e-13
 4.04010159e-13 9.05719943e-13 5.79425397e-13 8.64930350e-12
 2.35900188e-12 3.48809870e-12 2.23430907e-09 1.61526348e-12
 3.33510997e-13 7.87492294e-11 6.37823128e-13 7.37521155e-13
 7.67275132e-13 2.23603469e-10 3.60600438e-13 1.18753674e-10
 4.41313652e-13 6.56141808e-13 2.53241872e-13 7.16977950e-07
 7.30315808e-12 1.36077816e-11 8.01470001e-13 2.61313193e-12
 1.35491397e-08 1.00107700e-11 5.78870285e-13 6.65467681e-13
 8.97393271e-13 2.74588985e-09 6.33426644e-12 8.62310223e-13
 3.75921516e-13 1.97242223e-11 4.74176254e-13 7.75823850e-13
 2.37685760e-10 1.16318066e-12 3.05100389e-12 5.50337553e-13
 7.42663575e-09 3.44732243e-10 1.80722104e-12 3.99261965e-04
 3.86579657e-13 1.24078525e-12 4.93838304e-12 2.56017429e-13
 1.75703896e-12 4.93662044e-05 4.41646719e-13 5.70654635e-13
 4.87276886e-13 1.71040959e-12 9.16765297e-09 4.52131554e-10
 1.03472786e-12 3.89355215e-13 2.04825046e-12 4.71289674e-13
 1.57052149e-12 1.55642166e-12 8.61550506e-04 6.72434985e-09
 5.40234524e-13 3.74367204e-13 3.06254163e-08 1.21613830e-12
 2.18747243e-12 2.35156339e-12 1.13314913e-11 1.48647761e-12
 9.09849973e-12 5.62461189e-11 1.55878480e-06 1.44118051e-12
 9.42406247e-08 2.02937667e-12 1.50806034e-11 3.28403971e-13
 1.16606724e-12 1.80666593e-12 1.36717304e-11 6.26576568e-12
 1.11111120e-12 2.52506626e-07 3.58824082e-13 1.56355606e-09
 5.07038855e-13 6.20059559e-13 5.24913446e-13 6.86332102e-11
 6.03739281e-13 2.22318830e-11 1.62425629e-12 4.38538095e-13
 2.89879232e-13] 
ys:  (301, 1) .....
 




Mean:  [ 6.97263407e-01  8.00780851e-01  5.04026665e-01  9.82454596e+00
  6.65328336e-01  6.67305489e-01 -6.03321017e-01  1.03284365e+00
  2.60061263e-01  1.67265204e-01  8.24720710e-01  7.63446658e-01
  4.53184058e-01  6.91062798e-01  5.24971911e-01  6.66449972e-01
  6.03844322e-01  3.70512578e+00  7.14987419e-01  6.50315762e-01
  5.54806345e-01  4.64990847e-01  3.55941162e-01  5.96096114e-01
  1.25602811e+01  1.13528661e+00  4.21912125e-01  8.24090185e-01
  5.06009633e-01  5.92897983e-01  6.55420166e-01  7.59895235e-01
  6.27427182e-01  7.32964253e-01  7.38713594e-01  3.29994120e-01
 -6.21053494e+00  1.32025185e-01  8.12484073e-01  5.84347504e-01
  6.69872339e-01  5.64510411e-01  5.19384792e-01  6.52089757e-01
  7.45334375e-01  8.66837582e-01  1.95670034e+00  3.92563931e-01
  7.35591961e-01  7.37881134e-01  5.72773574e-01  2.51829792e-01
  2.68778864e-01  4.99010930e-01  6.16068541e-01  8.41618606e-01
  4.33897475e-01  6.26327288e-01  3.36174931e-01  6.34343948e-01
 -2.90116376e+00  6.67993640e-01  7.86592820e-01  6.09909532e-01
  6.57938015e-01  4.09690177e-01 -5.73509220e+00  6.54945403e-01
  6.96847399e-01  5.25073456e-01  5.63233525e-01  3.57576813e+01
  5.70268988e-01  7.67590032e-01  4.37611222e-01 -3.84306956e+01
  2.43048658e-01  2.39505467e-01  7.70888088e-01  7.47802769e-01
  1.37605773e-01  8.09115356e-01  3.39049153e-01  1.74267363e+01
  6.28702751e-01  1.37701628e-01  2.91906688e-01  5.23163956e-01
  4.39588617e-01  1.06006413e+01  6.17992598e-01  9.80983346e-01
  7.12840032e-01 -9.45875274e+00  5.74534551e-01  6.84670598e-01
  5.11483733e-01  6.73274664e-01  5.79273608e-01  5.97311604e-01
  6.81396366e-01  4.52378998e-01  6.63679658e-01  4.94794307e+01
  4.99628542e-01  5.12694985e-01  6.51897914e-01  8.00011275e-01
  6.55741876e-01 -8.40969615e-01  7.06694426e-01  6.14467274e-01
  7.09427496e-01  6.85874552e-01 -5.48614667e+00  3.99420076e-01
  7.69393082e-01  5.76785739e-01  6.87266724e-01  5.50689625e-01
  7.74380845e-01  6.51697555e-01  8.16823679e-01  6.52901372e-01
  3.15055258e-01  7.34047214e-01  4.22276497e-01  1.07474739e+00
  1.03760195e+00  3.66009378e-01  5.11545453e-01 -1.95111936e+00
  5.76584695e-01  6.10531423e-01  5.46251005e-01  7.16851328e-01
  2.88075636e-01  2.79452402e-01  5.44674231e-01  7.48102250e-01
  6.78553626e-01 -5.09718442e-01  1.82464164e+00  6.48221916e-01
  8.62597136e-01  4.50440312e-01  5.96499971e-01  4.53784457e-01
  3.12477841e-01  6.27165696e-01  6.60829542e-01  6.30512845e-01
  7.29630242e-01  7.07374560e-01  2.97746073e-01  3.54431407e-01
  7.55099496e-01  4.21723992e-01  4.00689507e-01  5.55314286e-01
  7.47893471e-01  7.18378121e-01  5.34399369e-01  9.41190827e-01
  8.81795968e-01  5.83942969e-01  5.57066690e-01  4.86086372e-01
  5.76514585e-01  7.99477234e+01  3.11642673e-01  2.61516596e-01
 -3.85174888e+00 -3.35497191e-02  6.65587351e-02  5.71859175e-01
  6.63547099e-01  7.29894952e-01  6.57994929e-01  6.40855687e-01
  4.09394671e-01  6.72383775e-01  4.35295680e-01  7.83123838e-01
  3.84198783e-01  3.68100399e-01  9.13352851e-01  7.15435605e-01
  1.23061386e+00  5.46305322e-01  7.21583337e-01  7.04286045e-01
  9.49963891e-01  6.63299717e-01  4.39142208e-01  8.32641460e-01
  8.02464999e-01  7.83836716e-01  3.82394818e+00  6.52688930e-01
  6.11763062e-01  5.60942853e-01 -3.01192359e+00 -6.46988463e+00
  6.17075849e-01  6.34411549e+00  8.95664451e-02  7.77430432e-01
  2.07977390e-01 -2.36357924e+01  6.84336673e-01  7.26768496e-01
  7.34746438e-01  6.42839509e-01 -3.24697530e+01  5.87216244e-01
  4.76515459e-01  9.81860695e-01 -5.95441003e-01  6.86712499e-01
 -6.47168430e+00  8.01211188e-01  4.11363411e-01  8.13439150e-01
  6.40827759e-01  5.44677420e-01  7.05721453e-01  8.05516568e-01
  6.63638164e-01  5.90288701e-01  3.49263346e-01  7.55683136e-01
  7.34982579e-01 -5.17635429e-02  5.67376286e-01  7.82718686e-01
  6.38206377e-01  8.08552901e-01  5.23731863e-01  8.88278922e-01
  3.44871414e-01  8.51716437e-01  4.46270418e-01  4.01384587e-01
  6.46228884e-01  7.82980536e-01  6.08609500e-01  8.35266050e-01
  4.23756265e-01  3.58706662e+02  3.53000751e-01  7.00870661e-01
  2.66947328e-01  2.69717094e-01  7.05075510e-01  2.72963098e+02
  6.51754414e-01  4.61544389e-01 -6.80305184e+00  6.22807210e-01
 -1.85189190e+00  5.24902559e-01  4.18856584e-01 -1.75399161e+01
  6.41568956e-01  6.90252860e-01  6.40624704e-01  5.06524697e-01
  7.22774647e-01  7.47536775e-01  7.79990046e-01  6.35492121e-01
  5.60761581e-01  6.31637144e-01 -2.14710065e+00  3.70897974e+00
  8.02683298e-01  6.17759664e-01  5.96173754e-01  8.11571241e-01
  3.61464831e-01  7.06588286e-01  9.44305314e-01  4.75468354e-01
  6.75099121e-01  8.35894404e-01  6.30994279e-01  3.81896387e-01
  6.72563353e-01  5.23359329e-01  4.40317451e-01  6.16711116e-01
  6.21570734e-01  5.67596544e-01  6.37503626e-01  5.84382111e-01
  7.29857894e-01  1.07013792e+00  3.86425278e-01  8.23478708e-01
  8.50880061e-01] 
Variance:  [2.20745644e-12 4.63740157e-13 1.49613655e-12 5.13304015e-06
 9.08340070e-12 5.07593967e-13 4.18418394e-07 3.65429909e-12
 2.88413737e-12 1.14573451e-09 4.32542890e-13 4.32764935e-13
 7.06101844e-13 5.77061732e-11 8.42104164e-13 5.31796829e-12
 8.23674462e-13 4.80795422e-08 5.24802424e-13 4.36095604e-13
 3.24873461e-12 5.13478149e-13 3.67106345e-12 1.67377223e-12
 2.30602389e-08 5.90958615e-09 8.66973160e-13 2.63522537e-12
 4.79616347e-13 3.57491814e-13 1.25266464e-12 7.27751193e-13
 1.01008091e-12 3.55937502e-13 2.88657986e-13 3.58968411e-12
 3.20334968e-07 5.57385249e-11 5.05684383e-12 4.80659956e-12
 1.01363362e-12 4.75175455e-13 4.60631533e-13 8.26783086e-13
 1.62359015e-12 2.80775403e-13 2.39017650e-09 4.36872760e-13
 2.12185824e-12 5.17363929e-13 3.14421822e-11 2.18295332e-08
 2.08342010e-10 4.64073224e-13 3.71480624e-13 5.68767256e-13
 1.07183151e-11 5.97055738e-12 9.29001320e-12 3.71369602e-13
 2.42181962e-08 4.86388707e-13 8.71747119e-13 4.75064432e-13
 3.58935104e-13 7.51509965e-13 4.95310387e-08 1.43351997e-12
 5.83533222e-13 4.70794292e-10 4.27657909e-13 2.06506531e-05
 7.98253685e-11 8.09116107e-11 4.74509321e-13 6.13103372e-06
 8.66529071e-13 1.11928244e-11 9.21041021e-13 7.92033106e-13
 1.02544639e-09 2.13229434e-12 2.04422035e-11 1.99098845e-07
 2.57016630e-13 2.02449169e-12 1.56274993e-12 1.69075864e-12
 1.23728805e-11 5.18360130e-06 5.11701792e-13 2.37363529e-09
 7.91811061e-13 5.47225622e-04 3.48610030e-13 1.65800706e-12
 1.60416125e-12 4.93716179e-13 5.13589171e-13 4.63962202e-13
 5.48450174e-13 2.28583819e-12 7.60169705e-13 2.94073205e-05
 4.12225809e-13 2.49134047e-13 3.34954287e-13 3.48276963e-13
 6.38805675e-11 1.05227951e-08 3.89910326e-13 5.28582733e-11
 7.69495578e-13 4.77728967e-13 4.47447920e-07 1.14219745e-12
 6.53033183e-13 5.73208148e-13 4.48086013e-13 1.26798572e-12
 1.36651135e-10 4.11448653e-13 6.10733686e-13 1.60804703e-12
 2.16526796e-12 1.45941037e-11 2.78110868e-12 2.75368617e-12
 1.48159263e-12 1.59150471e-12 7.97251154e-13 3.69357367e-08
 1.21436194e-12 9.21041021e-13 1.28186350e-11 7.69317943e-12
 2.24520402e-12 2.19479990e-12 2.69784195e-13 3.82027743e-13
 4.43645121e-13 2.75965839e-09 1.14079716e-07 5.89861493e-13
 5.51336754e-13 2.69517741e-11 1.37312384e-12 3.23985283e-12
 1.59994240e-12 5.27022870e-13 2.06301642e-12 5.99853500e-13
 1.90847338e-11 5.39679412e-13 5.47339951e-13 3.89392962e-11
 3.70703468e-13 1.11211040e-12 8.55537863e-13 4.77839990e-13
 1.13620224e-12 7.61612995e-13 4.22883950e-13 4.35762537e-13
 6.81898982e-13 5.79536419e-13 1.69919634e-12 2.07895923e-11
 7.97584221e-13 1.17430758e-06 1.91180405e-12 2.90056867e-12
 1.15493039e-06 2.53751464e-11 4.37325620e-10 6.90336677e-13
 4.83946216e-13 2.39920972e-10 1.58617564e-12 6.65578703e-13
 1.64579461e-12 7.10875803e-13 5.78981307e-12 6.32255359e-11
 4.35810388e-10 1.78601578e-12 3.56821239e-10 4.15778523e-13
 2.83977423e-08 6.75903777e-13 4.76840789e-13 2.90318547e-10
 3.54204222e-09 3.54494212e-13 4.21107593e-13 2.97317726e-12
 7.99693645e-13 2.38761233e-11 2.12053496e-07 1.29174449e-12
 1.05655817e-10 2.93443048e-12 1.14688654e-07 1.98034813e-06
 4.71400696e-13 7.26828271e-08 1.72550300e-08 1.17794663e-12
 1.70718994e-12 9.61133866e-05 4.38538095e-13 8.09685652e-13
 1.27231559e-12 1.07835962e-12 2.23854973e-05 1.64001035e-11
 3.03956860e-12 6.85666426e-08 5.49235057e-09 1.89104288e-12
 4.44547775e-07 9.06814956e-10 5.81934501e-12 1.41362477e-11
 1.35924605e-12 4.78284079e-13 4.80948614e-13 4.04787315e-13
 6.91668944e-13 4.96580554e-12 7.90700838e-13 7.36732897e-12
 8.12017120e-13 1.03264296e-08 5.59663427e-13 3.28181926e-13
 7.19091453e-13 1.13087317e-12 2.11319851e-12 5.69707170e-10
 1.96742622e-12 5.43898260e-13 2.23310259e-12 3.17190718e-13
 3.96460642e-13 6.99951208e-12 5.72586423e-12 4.05009359e-13
 2.59310573e-10 3.13405810e-05 7.03104241e-13 3.87412324e-12
 4.63629135e-13 7.47396589e-11 7.73270337e-13 4.51885153e-04
 8.15347789e-13 1.43729473e-12 1.85267205e-07 4.52415883e-13
 2.31672094e-08 1.28909772e-10 6.51589893e-13 3.37884567e-06
 6.88560320e-13 5.38236122e-13 2.77157852e-10 3.46245255e-12
 4.43978188e-13 1.97845074e-11 1.07702736e-12 6.59527988e-12
 5.10480547e-13 4.25992575e-13 2.22501462e-09 1.55880612e-07
 6.04072348e-13 8.95172825e-13 2.81175083e-12 9.64006652e-13
 1.42763579e-12 5.32462963e-13 1.82176496e-12 4.23328039e-13
 3.89133170e-13 6.36490860e-13 5.26223509e-12 6.46704912e-13
 3.75499631e-12 6.37045972e-13 1.96930316e-09 3.61266572e-13
 1.38133949e-12 4.01456646e-13 1.05482290e-11 1.37351241e-11
 3.63264974e-13 1.27007863e-08 4.00011135e-11 3.22075699e-13
 6.11832807e-12] 
ys:  (301, 1) .....
 




Mean:  [ 6.52065369e-01  6.23347268e-01  8.99248389e-01  6.16499504e-01
  7.29247115e-01  7.89020252e-01  4.59944109e+00  6.53163790e-01
  6.52215282e-01  3.22173255e-01  7.02132673e-01  5.89835060e-01
  3.79448598e+00  6.81546013e-01  6.89544271e-01  6.68747935e-01
 -5.54502477e-01 -3.16603669e+00  2.98016865e-01  6.11697726e-01
  8.21195337e-01  7.53078702e-01  6.38820846e-01  5.40795214e-01
 -1.10535070e+01  8.01832422e-01  3.49909214e+00  3.63841499e-01
  3.67768657e-01  4.53523074e-01  4.26849875e-01  9.81836646e-01
  7.90445839e-01  6.67804622e-01  5.41654061e-01  8.32002255e+00
  5.04190776e-01  4.56687816e-01  2.15978619e-01  1.31837496e+00
  6.60851485e-01  2.72372530e-01 -1.10278145e-01  4.61685586e-01
  1.36311020e+00  8.14724765e-01  1.39410970e+02  8.96022132e-01
 -1.89581648e+00  4.70136118e-01  6.47803658e-01  5.96665293e-01
  5.97303868e-01  3.11725721e-01  8.73822336e-01  7.69848074e-01
  5.76107290e-01  4.39746915e-01  6.52731058e-01  5.95650979e-01
  5.97326732e-01  7.33866312e-01  6.62113973e-01  3.09650744e-01
  3.99917109e-01  6.05789266e-01  2.57095714e+00  1.97669181e-01
  6.46666226e-01  7.51618445e-01  6.10438182e-01  5.23409350e-01
  7.32228169e-01  5.42889434e-01  6.90038916e-01  1.79448382e+00
  5.25475100e-01  8.41937712e-01  6.89248816e-01  7.03276380e-01
  5.90854089e+01 -5.41076362e+00  7.30088554e-01  8.19507735e-01
  7.86715462e-01  6.66617107e-01  5.52592750e-01 -7.78488359e-01
  5.55809735e-01  1.37788091e+01  3.28227538e-01  1.21747899e+00
  8.79637814e-01  5.63036751e-01  5.45020410e-01  5.20041876e-01
 -7.66587655e-02  8.40897591e-01  4.36867152e+00  7.44347191e-01
  4.57628918e-01 -4.78739040e+00  6.35151827e-01  5.65906402e+00
  7.82485253e-01  7.75297977e-01 -1.34992033e+01  3.42805368e-01
  6.59047174e-01  4.91918292e-01  8.33263583e-01  1.00740173e+00
  5.85367737e-01  3.99719037e-01  4.64619090e-01  6.70261733e-01
 -1.98029158e+01  8.55213953e-01 -8.02007574e+02  3.85426659e+00
  4.04752629e-01  6.36754943e-01  3.03730071e-01  8.66444881e-01
  3.32983084e-01  3.08935495e-01  7.37641277e-01  7.09864548e-01
  7.14308637e-01  4.73403697e-01  9.38533352e-01  8.25468809e-01
  5.46065276e-01  4.98823860e-01  7.44804130e-01  1.08069684e+00
  6.28303316e-01  4.34921899e-01  1.03786273e+00  3.94703994e-01
  5.82393013e-01  7.81195126e-01  7.36496199e-01  2.85653574e+01
  3.59488367e-01  7.34384691e-01  6.13676035e-01  7.73446617e-01
  5.57725062e-01  2.05311332e+00  1.20492781e-01  7.62817253e-02
  6.91368112e-01  6.87183054e-01  6.85170935e-01  8.02275095e-01
  2.19382743e-01  5.39686424e-01  8.38314555e-01 -1.02320299e+02
  4.58431151e-01  5.81489796e-01 -3.41558047e+00  9.20339483e+00
  5.80946309e+00  6.58933662e-01  8.22496230e-01  3.04989952e+00
  4.70785451e-01  5.40321915e-01  8.81180901e-01  7.24981387e-01
  4.68861312e-01  5.58736915e-01  5.17888497e-01  8.53774294e-01
  7.05286281e-01  6.02846241e-01  7.04236980e-01  7.54181380e-01
  6.33557313e-01  3.80072452e-01  5.28985223e-01 -5.13173285e-02
  2.40774273e-01  5.96298975e-01 -5.05096906e+01  6.53487294e-01
  7.93528042e-01  4.37603869e-01  7.38012064e-01  3.09798541e-01
  7.86998470e-01  5.41450687e-01  4.59065651e-01  6.22798991e-01
  5.71561006e-01  6.59128250e-01  5.80002283e-01  5.28186097e-01
  1.68730477e+01  5.74901494e-01  6.67277784e-01  5.19980226e-01
  6.40500906e-01  3.90199497e-01  5.52663867e-01  8.19087589e-01
  7.25701371e-01  6.60096603e-01  5.66300624e-01  7.28821369e-01
  6.82369429e-01  6.36886606e-01 -2.35004528e+00  5.76280558e-01
  7.31839487e-01 -3.80904066e+00  4.33567571e-01  8.04765242e-01
  5.94249391e-01  7.91199544e-01  7.55094097e-01  7.25441874e-01
  4.66043294e-01  7.78016426e-01  6.27161454e-01  6.65521850e-01
  1.05319096e+00  7.95497540e-01  6.83140333e-01  7.19012880e-01
  4.06255520e-01  2.75893788e+00  7.91026268e-01  1.07456155e+01
  7.49811344e-01 -3.49969614e-01  6.93539028e-01  5.18454758e+01
  5.29629562e-01  4.97835493e-01  7.49782964e-01  8.04281943e-01
  5.97162615e-01  3.69892797e-01  4.29503738e-01  6.12749419e-01
  6.72138608e-01  6.86928161e-01  8.21699758e-01  6.90795207e-01
  5.35096621e-01  4.62619075e-01  6.52261790e-01  8.59659069e-01
  6.14088854e-01  6.37036109e-01  8.01694315e-01  5.23021198e-01
 -1.69678254e+01  5.46800881e-01  6.73354263e-01  6.76936661e-01
 -1.95984239e+00  7.04977684e-01  5.95933065e-01  4.65907429e-01
  4.39609602e-01  5.31150710e-01  1.34267432e-01  6.82962259e-01
  2.18594546e-01 -9.78632525e+00  3.12871206e-01  1.85672698e-01
  2.68202319e-01 -4.17589378e-01  8.84305846e+00  6.40016703e-01
  4.76902401e-01  6.29645817e-01  4.79310290e-01  5.00920520e-01
  4.72078211e-01  5.26071198e-01  6.15574655e-01  3.93493071e-01
  1.06533136e+00  5.71721551e-01  5.15493858e-01  9.82089458e+00
  4.93762810e-01  5.90379201e-01  5.11834309e-01  3.36510144e-01
  6.25332807e-01  1.10443729e+00  4.66315986e-01  3.57632018e-01
  6.71719439e-01] 
Variance:  [5.47673018e-13 5.46562795e-13 1.15963905e-11 8.43991543e-13
 3.12748716e-11 6.04072348e-13 4.98249775e-07 4.21662705e-13
 5.81534820e-13 3.34188233e-12 2.06135109e-12 6.60249633e-13
 7.48140481e-08 5.41788836e-13 3.09869908e-11 4.36428671e-13
 3.74778408e-08 2.24543080e-08 8.48143777e-12 7.57061080e-13
 5.72542014e-13 3.34177130e-13 7.47788498e-11 7.28966887e-11
 8.35561751e-08 6.54143406e-13 2.62323600e-08 4.23350244e-12
 8.61877236e-12 8.70414851e-13 2.48800980e-13 1.77835524e-12
 1.18338672e-12 7.74047493e-13 2.75446332e-12 4.86213659e-07
 4.25437463e-13 1.49970258e-10 7.37754857e-10 1.93869076e-09
 4.33542091e-13 1.55897517e-12 6.12433204e-09 1.36213263e-12
 1.72872594e-09 4.49862370e-13 4.10801853e-03 1.08613118e-12
 4.09462324e-08 1.23449029e-11 7.24531546e-13 9.01832942e-10
 1.42565737e-10 6.89559521e-13 5.11590770e-13 8.87179219e-13
 2.74302803e-12 4.28768132e-13 2.73892020e-13 7.68419550e-10
 7.68385355e-13 8.33999536e-13 3.68416408e-12 2.18625118e-12
 5.48450174e-13 1.02635678e-11 5.55506154e-08 3.06414265e-08
 3.10120818e-11 1.11277654e-12 4.25992575e-13 1.95027516e-09
 4.38871162e-13 7.81263942e-13 1.30873090e-12 8.53782178e-09
 4.05897538e-13 6.82076617e-12 7.18203275e-13 4.26769731e-13
 3.84226867e-06 2.86772668e-06 3.52273766e-13 1.06603615e-12
 1.21413990e-12 4.88287188e-12 1.03794751e-12 1.81878846e-07
 5.07816011e-13 8.43423369e-05 2.17404983e-11 5.86169335e-10
 1.41164858e-12 5.20139487e-13 1.68243197e-12 8.11239964e-13
 9.61459801e-11 6.38932685e-10 8.62408119e-08 5.33684208e-13
 4.27143955e-07 2.27384674e-06 4.86610752e-13 1.31772016e-07
 6.84563517e-13 1.78538784e-09 1.03114768e-07 6.06736883e-13
 5.15920640e-13 3.30478422e-10 9.29034627e-13 3.28946381e-09
 1.09274811e-11 2.94265723e-11 6.25277607e-13 8.13127343e-13
 5.55675445e-06 1.41764378e-12 6.53421810e-03 5.19117280e-08
 2.06734629e-12 7.71827047e-12 3.03457259e-12 1.19959598e-12
 2.97761815e-13 7.53619389e-13 5.95718663e-09 2.79256951e-10
 4.18665103e-13 7.95030708e-13 3.38729045e-13 1.69075864e-12
 9.75195480e-11 7.57838237e-13 3.20410365e-13 4.41759506e-08
 6.49036380e-13 2.07323048e-12 1.57848017e-08 9.81215109e-13
 4.06807921e-12 4.28768132e-13 5.74540415e-13 5.61953849e-06
 4.24504876e-12 3.58491015e-13 2.91877633e-13 6.31050767e-13
 6.28275210e-13 1.40540805e-08 2.14783746e-12 2.36519693e-11
 3.44835271e-13 5.31352740e-13 5.41677814e-13 7.18980431e-13
 2.42018627e-11 7.27085059e-13 4.96491737e-13 8.57021009e-06
 4.60276262e-12 3.97570865e-13 1.54819534e-08 1.99662901e-06
 2.48138011e-07 3.49720253e-13 2.98150393e-12 3.48873808e-09
 2.79110068e-13 1.19218294e-08 3.74914544e-10 4.18776125e-13
 1.42952317e-12 1.37423406e-12 4.16333634e-13 2.29738450e-12
 2.90767410e-13 6.27649044e-11 1.03084208e-12 1.29229960e-12
 2.66819900e-12 3.21787041e-12 9.49283230e-09 3.82297975e-08
 1.12071463e-11 2.70908707e-09 2.89783314e-05 3.14481774e-12
 5.02042852e-13 3.64225317e-11 3.65596442e-13 4.82835993e-13
 7.48956452e-13 1.74009696e-11 1.00834563e-10 3.26638716e-12
 3.00837133e-12 2.94412272e-11 3.04023473e-12 1.06085329e-09
 2.04616076e-06 7.55162599e-12 1.01163522e-12 4.33542091e-13
 5.66657832e-13 2.43027820e-12 4.73365791e-12 1.54167790e-11
 8.18345391e-13 3.60267371e-12 3.28505001e-11 4.44533299e-13
 7.27973237e-13 7.91811061e-13 2.59913007e-08 6.56918964e-13
 5.52335955e-13 5.25546316e-08 1.02261533e-10 1.44584344e-12
 7.35522754e-13 4.39426273e-13 3.55160346e-13 3.82689436e-11
 5.98077143e-13 1.04394271e-12 3.90909527e-13 8.41882120e-13
 3.46478402e-12 3.43725048e-13 5.29812860e-11 1.80644388e-12
 7.68052288e-13 5.48372450e-07 7.29338812e-12 2.36547883e-06
 2.58348898e-13 5.06394371e-10 8.76521078e-13 1.51718322e-05
 2.78232992e-12 8.89171514e-10 1.09200671e-09 8.41104963e-13
 2.13407070e-12 8.39661674e-13 1.69508851e-12 2.24509300e-12
 9.44022638e-13 1.04305453e-12 7.29918348e-11 1.15807364e-12
 1.33583333e-09 2.79565260e-12 3.29070104e-13 7.46624984e-13
 1.17518884e-10 2.01583195e-12 1.29074529e-12 7.01549929e-13
 8.11590484e-07 5.51447776e-13 8.99058605e-13 5.38680212e-13
 3.49240102e-07 5.68434189e-13 1.06326159e-09 8.79407658e-13
 2.24453789e-12 6.45304921e-11 1.84488991e-09 3.64597241e-13
 1.36313183e-12 4.73858325e-05 8.19566637e-13 7.53375029e-10
 6.64264199e-11 2.12257775e-08 7.82443902e-07 8.04800671e-13
 1.91773231e-09 7.19757587e-13 2.69340106e-12 5.26467758e-13
 3.66751074e-12 8.66884342e-12 5.60218538e-13 1.59638969e-12
 4.89557395e-09 6.78901380e-13 2.75712786e-12 7.42200266e-07
 5.97544236e-12 9.49351708e-13 1.10500498e-12 3.82471832e-12
 8.33744185e-12 1.47900892e-09 7.37521155e-13 1.08011378e-11
 4.02455846e-13] 
ys:  (301, 1) .....
 




Mean:  [ 5.76543211e-01  8.00795738e-01  7.92781487e-01  6.33586366e-01
  1.36273373e+00  3.15950984e-01  6.67853041e-02  2.65031805e-01
  2.63831223e-01  2.17330635e+00 -2.90610191e+01  6.76679606e-01
  1.19296755e+00  6.99798180e-01  6.69515580e-01  8.77704850e-01
  7.60410768e-01  5.42756190e-01  6.86636927e-01  7.45255841e-01
 -6.62511470e+00  6.43059617e-01  4.66698190e-01  4.70569129e-01
  5.96801783e-01 -1.85529377e+01  7.18355819e-01  8.72192778e-01
  4.70709037e-01  4.50517920e-01  5.65503615e+00  7.09095978e-01
  5.70286618e-01  6.42554073e-01  2.45966716e-01  5.61590852e-01
  8.04712426e-01  6.50769393e-01  7.04881204e-01  5.86629281e-01
  7.84846144e-01  7.65348947e-01  5.66745187e-01  5.49322866e+00
  6.38365227e-01  3.26345948e-01  5.16317797e-01  7.78193325e-01
  3.75682162e-01  5.80105749e-01  8.23814214e-01  6.63389793e-01
  4.43578576e-01  4.78890591e-01  5.76989115e-01  1.05752571e+00
  1.59354009e+00 -3.68481681e+00  7.68441324e-01  7.66885136e-01
  5.03099326e-01 -4.67408848e+01 -3.81346062e-01  8.58020407e-01
  7.69580620e-01  3.15224529e-01  6.68258688e-01 -1.39989066e+01
  1.38472617e+01  6.01867535e-01  6.58259555e-01  6.92305375e-01
  6.90188922e-01  6.37908220e-01  8.02262678e-01  7.65620027e-01
  5.80415841e-01  6.17072392e-01  2.85125267e-01  5.17002129e-01
  1.59668032e-01  8.22815112e-01  4.89260399e-01  5.84371401e-01
 -3.69468852e+00  6.71691482e-01  8.37965624e-01  7.31821705e-01
  5.21951670e-01  5.47989353e-01  6.16793954e-01  5.54392197e-01
  1.18864829e+00  5.93413581e-01  7.76651554e-01  1.17148111e+00
  5.26345145e-01  6.33383054e-01 -1.03173910e+00  4.80645386e-01
  8.03709000e-01  7.08934624e-01  5.81753203e-01  6.68068488e-01
 -5.47336990e+01  4.96344945e-01  1.05912014e+00 -4.71047113e+00
  7.11713336e-01  6.68398173e-01  6.24217096e-01  5.23840473e-01
  6.48743771e-01  6.69066654e-01  6.83505953e-01  7.07884974e-01
  2.92272295e-01  2.34271349e-01  1.83457680e-01  6.16916664e-01
  9.03777816e-01 -4.43290213e-01  5.26463838e-01  5.72493844e-01
 -3.88762428e-01  8.01569475e-01  5.33924845e-01  3.90085575e-01
  5.37387014e-01  6.11672937e-01  4.65313861e-01  7.86263074e-01
  9.34168959e-01  6.55848928e-01  6.29994052e-01  6.56701193e-02
  5.21974495e-01  8.20099827e-01  7.56869589e-01  6.90895084e-01
  4.22672619e-01  3.60777615e-02  3.25364955e-01  6.55935649e-01
  7.21872738e-01  6.58930014e-01 -5.44807926e+00  5.80487323e-01
  8.11971508e-01  6.75873417e-01  7.09551044e-01  2.85875424e+00
  4.15208521e-01  3.88841714e-01  4.79528416e-01  4.62509326e-01
  5.06152356e-01  6.74269644e-01  1.95948248e-01  8.65135526e-01
  7.69726919e-01  1.14675112e+00  7.17982352e-01  4.35445867e-01
  6.66162525e-01  4.17814004e-01  4.33698382e-01 -4.61172906e+01
  1.69161890e-01  5.03547198e-02  4.70253122e-01  6.09435089e-01
 -1.62506722e-02  5.26517858e-01  5.30585235e-01  4.85914494e+00
  3.40580964e-01  4.28983841e-01  4.22743894e-01  3.86878179e-01
  5.78260423e-01  8.65690544e-01  5.95632273e+00  7.32538897e-01
  7.11728156e-01  5.92646751e-01 -6.14316784e+00  8.46238240e-01
  7.37805344e-01  6.57003087e-01  8.48006445e-01  4.52539587e-01
  2.97372238e-01  4.15079039e-01  7.48623177e-01  6.88581878e-01
  5.04900471e-01  7.16450101e-01  5.63233079e-01  3.76276374e-01
  3.94176355e-01  3.57577759e-01  5.10846779e-01  7.19288549e-01
  6.63400934e-01  5.24224440e-01  7.00974982e-01  7.94380819e-01
 -3.08409591e-01  5.33380071e-01  7.72657501e-01  7.97457143e-01
  6.02149727e-01  8.46100127e-01  5.51450800e-01  4.46410274e-01
  7.32333066e-01  8.67004287e-01  5.07289329e-01  7.64077120e-01
  5.52048422e-01  7.04917766e-01  6.66323944e-01  6.71936587e-01
  7.60292178e-01  7.16966035e-01  6.58808580e-01  7.31501735e-01
  4.63572041e-01  7.24956841e-01  4.58343677e-01  4.18365129e+00
  5.04160601e-01  6.05999750e-01  8.34214589e+00  7.74559916e-01
  5.96139888e-01  5.22549647e-01  8.30177948e-01  4.91546768e-01
  7.82453921e-01  6.38911456e-01  9.31004318e-01  6.76344239e-01
  9.07382667e-01  6.86498625e-01  7.92288260e-01  7.88702647e-01
  5.95690547e-01  1.85247397e-01  5.32362541e-01 -9.82219014e+00
  1.38610041e+00  6.14677302e-01  5.07680069e-01  4.29836204e-01
  3.05265647e-01  5.94457500e-01 -1.43953780e+00  7.61176413e-01
  7.97464365e-01  7.63784639e-01  8.01089322e-01  7.23162567e-01
  7.57613825e-01  1.43004647e-01  1.40195901e+00  5.17576553e-01
  6.99589981e-01  1.55089949e+00  2.36020345e-01  5.85602797e-01
  5.43541273e-01  5.50987025e-01  7.47437847e-01  6.76364187e-01
  6.81395902e-01  5.89664085e-01 -1.12852982e+01  5.96568791e-01
  8.22371315e-01  5.68739516e-01  6.79744124e-01  7.53473422e-01
  7.52334979e-01 -3.17849828e-01  4.47074802e-01  5.80285765e-01
  6.92492113e-01  8.63362624e-01  6.51537002e-01  3.14087801e-01
 -3.18454395e+01  7.68189145e-01  6.66316352e-01  6.82692758e-01
  2.03257836e-01  7.19860869e-01  7.40711108e-01  7.04805961e-01
  6.59578124e-01] 
Variance:  [3.78128195e-10 3.84914323e-13 4.91939822e-13 4.08451051e-13
 1.48414259e-09 1.25942590e-11 6.64992506e-11 8.95355456e-10
 1.68702341e-09 1.44923771e-07 4.63534652e-05 8.22841795e-12
 3.36961614e-08 7.35411732e-13 4.37538894e-13 8.93951579e-13
 1.18528520e-11 3.56270569e-12 3.86246590e-13 1.16366916e-11
 8.90711057e-07 4.21884749e-13 1.60771396e-12 1.46871404e-12
 1.96030969e-11 3.50757580e-06 3.36730643e-13 7.47402140e-13
 6.07514039e-13 1.02762243e-12 2.11054424e-08 7.38964445e-13
 1.23578492e-09 3.85791399e-12 1.03927977e-12 2.80109269e-13
 7.00661751e-13 1.12643228e-12 1.90680804e-12 3.66459085e-11
 6.70796751e-13 1.24067423e-12 5.11091169e-12 2.49578616e-07
 5.00821606e-13 2.46802578e-13 3.59823282e-13 9.31688060e-12
 6.74127421e-13 2.26729746e-12 3.39950290e-13 5.10924636e-13
 8.34332603e-13 4.94160268e-13 5.30575583e-13 1.16755083e-09
 6.88230251e-10 2.78146528e-09 3.14248627e-12 1.68287606e-12
 1.25710553e-12 3.54576435e-03 1.54201651e-10 8.92974583e-11
 1.50901514e-12 5.01265696e-13 3.11639603e-13 1.42992376e-06
 7.75622256e-07 2.28053132e-11 5.10702591e-13 4.17776924e-13
 4.18221013e-13 4.49973392e-13 1.13187237e-12 2.82773804e-13
 6.53921362e-13 5.69433389e-13 6.59109434e-11 5.55888668e-13
 1.09920961e-10 4.30544489e-13 1.34281475e-12 4.39093206e-13
 1.77641554e-04 6.73905376e-13 2.29094521e-12 4.91162666e-13
 9.28146449e-13 5.70987702e-13 4.49085213e-13 3.14270832e-12
 1.23621258e-09 1.04238840e-12 6.49350240e-10 6.36829064e-08
 1.39432910e-12 3.39839268e-13 3.21836718e-08 5.08008080e-11
 1.46815893e-12 6.12732087e-13 6.05404615e-13 2.19979590e-12
 1.60861136e-04 6.00297589e-13 4.05208755e-10 6.50063670e-09
 7.09321490e-13 5.88342708e-11 2.14236917e-09 2.92981195e-11
 5.16919840e-13 6.94111435e-13 7.58504370e-13 6.77569112e-13
 6.72351064e-13 1.59546820e-11 2.29636310e-11 2.26729746e-12
 7.24864613e-13 1.05424891e-07 2.30071517e-12 1.16318066e-12
 1.11905768e-08 8.63864535e-13 6.28164187e-13 4.83169060e-13
 3.57158747e-13 6.16506846e-13 6.88227253e-13 5.07260900e-13
 3.44946294e-13 8.22308888e-12 5.92859095e-13 3.48070239e-10
 6.81676937e-13 4.31876757e-13 2.94320124e-13 1.68098868e-12
 5.92299421e-09 2.06939940e-08 2.97650793e-13 1.63002944e-12
 3.51940699e-13 3.66262576e-13 3.18796144e-07 2.23841501e-10
 5.87419002e-13 5.94635452e-13 4.09561274e-13 6.91623119e-08
 6.36046771e-13 1.20847776e-12 1.40254475e-12 5.49338353e-13
 7.55395746e-13 4.38427072e-13 6.81676937e-13 4.00568467e-13
 5.21915844e-13 4.41513359e-09 4.84723373e-13 5.77649040e-13
 2.66897615e-13 7.13429316e-13 1.65845115e-12 2.54769456e-03
 2.11100026e-11 4.68042272e-11 9.13158438e-13 4.42978987e-12
 7.68866082e-11 4.66848782e-13 2.25652830e-12 1.00979893e-08
 7.77988785e-12 1.39477319e-12 2.07026329e-09 4.58966198e-13
 4.61186644e-13 2.25319763e-12 4.67469674e-07 5.86974913e-13
 3.82693877e-13 4.74065232e-13 2.54453463e-08 9.44599954e-12
 1.85340632e-12 6.94777569e-13 2.44193554e-12 7.10362880e-11
 8.34909919e-12 8.87512286e-13 7.94775357e-12 6.78679335e-13
 1.45820023e-11 9.45888567e-09 3.17246229e-12 2.38860043e-11
 4.44433379e-12 1.38497103e-10 4.59065008e-11 5.68545211e-13
 7.25267624e-10 1.23734356e-12 3.88356014e-13 3.51496610e-13
 4.12299827e-08 1.05349063e-12 6.84674539e-13 7.11097847e-13
 4.57078819e-13 5.26922950e-12 4.49751347e-13 1.05315756e-12
 4.42645920e-13 1.87564293e-08 1.37512224e-12 8.85069795e-13
 3.14526183e-13 7.22755189e-13 2.40085729e-12 6.16741103e-11
 1.02599040e-11 4.00457445e-13 1.22446497e-12 2.91877633e-13
 5.46007684e-13 6.56585897e-13 1.17239551e-12 2.75512790e-09
 9.91318139e-13 7.34001748e-12 1.65174344e-06 4.84168261e-13
 4.21662705e-13 7.14428516e-13 9.44799794e-13 1.23590027e-12
 1.67799108e-12 5.62772051e-13 2.79249956e-10 6.66355859e-13
 5.25793631e-09 4.20885549e-13 5.07414777e-10 1.85396143e-12
 5.31796829e-13 8.20324886e-09 1.22035715e-12 2.15184213e-06
 1.13566260e-07 5.69455594e-12 2.68896017e-13 8.92619312e-13
 2.32622536e-08 4.87498930e-13 1.14873511e-09 3.97903932e-13
 4.62629934e-13 4.61976013e-11 2.31556108e-10 7.37510053e-12
 5.46895862e-13 2.89142932e-10 8.29504132e-10 4.14446255e-13
 5.33604783e-09 2.96168348e-08 1.56403779e-11 8.75532979e-12
 7.54285523e-13 1.04054654e-10 5.19695398e-13 8.44491144e-12
 3.83915122e-13 8.58979554e-13 2.20725015e-07 1.15463195e-12
 1.12065912e-12 1.93210781e-10 7.88147325e-13 5.82311976e-13
 1.59083857e-12 4.61345095e-09 1.57185376e-12 2.97317726e-13
 3.90687482e-13 2.03703721e-12 1.26254562e-12 1.42330592e-12
 2.44057753e-05 5.06372722e-13 4.67959005e-13 1.08169029e-12
 2.85890756e-10 4.28546088e-13 6.21280805e-13 1.71485048e-12
 3.19455573e-12] 
ys:  (301, 1) .....
 




Mean:  [ 6.71056169e-01  5.10174799e-01  3.27036304e-01  2.20079066e-01
  4.14895745e-01  6.96089949e-02  5.04138478e-01  8.14583349e-01
  1.08407915e+01  6.35007502e-01  6.71870252e-01  5.20712463e-01
  4.91899609e-01  5.39563108e-01  6.17559209e-01  4.42163299e-01
  6.53663800e-01  7.93336119e-01  4.74520051e+00  8.07693899e-01
  7.38371366e-01  6.81330511e-01  6.43373866e-01  8.22187888e-01
  8.88900324e-01  6.66641130e-01  7.51477253e-01  5.74571831e-01
  6.54375956e-01  4.84318804e-01  6.37916809e-01  4.74405426e-01
  6.52135855e-01  7.42050366e-01  3.07872249e+00  4.70154960e-01
  6.43399333e-01  5.85696654e-01  8.98496963e-01  7.36082949e-01
  5.88743694e-01  4.13554827e-01  4.24280798e-01  6.55660914e-01
  5.17420823e-01  8.72411425e-01  4.65277938e-01  1.32303700e+00
 -1.04039462e+01  6.50613974e-01  4.84901189e-01  6.93646592e-01
  1.62590133e-01  4.13928500e-01  6.61114470e-01  5.42808541e-01
  7.64159163e-01  3.68775601e-01 -1.64586190e+00  5.88679028e-01
  7.70976705e-01  7.22462783e-01 -3.33067366e+00  3.09835530e-01
  2.61388849e-01  6.11713567e-01  8.02615607e-01  6.43336130e-01
  6.59065785e-01  6.69210239e-01  5.63477009e-01  7.58219955e-01
 -3.46021551e+00  8.27106027e-01  6.88106531e-01  7.15669898e-01
  5.89277461e-01  7.86236856e-01  5.16905765e-01  6.64340749e-01
  5.48849403e-01  7.94770915e-01  6.85149960e-01  7.47303416e-01
  4.23370408e-01 -1.20049839e-01  6.22991566e-01  6.71723019e-01
  6.63486210e-01  3.51397571e-01  7.33245050e-01  4.18678792e-01
  6.08720512e-01  7.69757591e-01  6.17667268e-01  1.85622544e+00
  8.58225258e-01  5.83300108e-01  6.54389449e-01  8.48593285e-01
  5.16137109e-01  5.47687416e-01  6.15197975e-01 -5.73816822e+00
  8.64973649e-01  7.49570963e-01  4.82437174e-01  2.92813836e-01
  9.35228531e-01 -8.02089426e-01  6.17246414e-01  3.69346604e-01
  7.06369329e-01  5.11949222e-01  3.75327522e-01  6.55528550e+01
  6.22234190e-01  4.59956233e-01  6.35409914e-01  9.12574547e-01
 -2.06009655e+00  7.23690013e-01 -2.98812346e-01  6.49970565e-01
  7.69706612e-01  5.00748035e-01  6.88400842e-01 -3.20377386e-01
  7.30410914e-01  6.70032807e-01  4.81882514e-01  3.20631037e-01
  8.99942283e-01  6.57172287e-01  2.06277980e+02  5.27500070e-01
  7.95737172e-01  7.88576510e-01  4.51735882e+00  3.56276912e-01
  6.81711615e-01  7.48908620e-01  5.04902239e+00  7.22475322e-01
  3.15663908e-01  5.48836628e-01  7.10294616e-01 -1.02923344e-02
  8.61786262e-01  8.02225244e-01  6.77744249e-01  5.19681610e-01
  5.59671063e-01  5.05672545e-01  6.27039099e-01  2.88724626e+00
  7.63254739e-01  5.74424092e-01  1.74632435e-01  7.88255294e-01
  7.28605819e-01 -1.28898968e+01  4.93474406e-01  5.09497797e-01
  7.47006051e-01  2.14857372e+01  5.76954302e-01  5.19339455e-01
 -8.96550028e+00  7.84866099e-01  9.86264783e-01  1.80978034e+01
  2.50365333e-01  5.79998969e-01  2.95189259e-01  6.82069128e-01
  5.21576120e-01 -2.50671229e+01  6.61934620e-01  5.73348039e-01
  5.64021306e-01  5.51432327e-01  7.77987506e-01  5.22638143e-01
  5.40110812e-01  9.08327869e-01  2.41404090e+00  7.33506530e-01
  6.28346555e-01  5.14464131e-01  7.19553095e-01  4.99225803e-01
  1.76585940e-01  5.97006331e-01  8.41843422e-01  6.86731182e-01
  5.16826500e-01  6.96460938e-01  9.15025935e-01  1.16674254e+02
  6.01290667e-01  7.28285690e-01  8.92375108e-01  7.35358943e-01
  8.37500789e-01 -4.23985759e-02  2.91757842e-01  5.03365374e-01
  5.56777817e-01  4.53614482e-01  8.15195907e-01  6.30252729e-01
  6.62750192e-01  7.50806011e-01  7.73389739e-01  4.77052758e-01
  5.05996421e-01 -2.80870186e+01  7.29883490e-01  6.08758235e-01
  2.40973805e+00  5.12623646e-01  8.65566045e-01  7.66481996e-01
  4.34811642e-01  7.40070636e-01  3.19900947e-01  6.11033247e-01
  6.85011246e-01  7.21650917e-01  1.85738417e+00  5.74867320e-01
  4.14233592e-01  1.25512852e-01  7.40251661e-01  7.33670494e-01
  7.62080701e-01  7.28457856e-01  6.81334017e-01  8.17439741e-01
  7.60232893e-01  6.55001910e-01  4.65537638e-01  8.60493727e-01
  4.40307014e-01 -7.50511348e-01  6.64894645e-01  6.82132920e-01
  1.57372096e+00 -8.82195559e+00  6.91686433e-01  7.26131131e-01
  6.69437355e-01  6.99833946e-01  6.03528274e-01  7.31400028e-01
 -5.94201414e-01  5.23630049e-01 -3.36093735e+00  5.74539508e-01
  6.47142982e-01  6.12394062e-01  6.49477430e-01  8.90797385e-01
  9.29202594e+00  3.10258227e-01  7.99899182e-01  7.52273762e-01
  7.64410133e-01  7.93899070e-01  5.77093789e-01  1.04400662e-01
  4.15961405e-01  6.62811627e-01  4.46793647e-01  2.93697653e-01
  7.09381350e-01  6.41649072e-01  6.12909010e-01  1.41080241e-01
  2.48440456e-01  5.47646639e-01  6.09634488e-01  6.30919507e-01
  5.71790730e-01  4.90800997e-01  5.98148291e-01  6.91899287e-01
  6.95077695e-01  5.65653215e-01  4.45266870e-01  8.96247328e-01
  7.86701296e-01  5.17331432e-01 -1.00721925e+02  1.82338243e+01
  6.89411203e-01  5.89351654e-01  1.01940782e+00  5.88594177e-01
  5.25977663e-01] 
Variance:  [3.01092484e-13 1.56374913e-12 5.20361532e-13 5.75735126e-10
 1.08602016e-12 5.53208257e-10 4.48840964e-12 3.96349620e-13
 4.24073333e-04 1.95887750e-12 5.22359933e-13 5.13933340e-12
 6.48370246e-13 3.87379018e-12 3.93129973e-13 5.23359134e-13
 5.51780843e-13 2.54363197e-12 7.58052581e-06 1.16195942e-12
 4.06008560e-13 3.96850219e-10 5.26800825e-13 7.66275932e-13
 6.50590692e-13 4.38871162e-13 3.46722651e-13 5.70876679e-13
 5.38247225e-12 3.96460642e-13 1.54287694e-12 5.64881475e-13
 1.72117876e-12 7.33924033e-12 1.60565288e-06 5.72097925e-13
 3.51496610e-13 8.21342994e-13 8.22991675e-11 5.83866289e-13
 2.71704881e-12 1.57696078e-12 3.21229709e-11 6.80011603e-13
 3.47610829e-13 9.47464329e-13 1.48647761e-12 5.08599429e-08
 2.01440991e-07 1.85074178e-12 2.30038211e-12 1.14508403e-12
 5.05677434e-08 1.53115065e-09 7.01616543e-12 5.00377517e-13
 8.31912317e-12 4.22528679e-12 2.39848099e-08 9.34030631e-13
 4.50195436e-13 4.54747351e-13 1.45337348e-07 4.68453720e-10
 2.75335310e-12 3.60378394e-13 6.72906175e-13 1.15640830e-12
 1.40815155e-08 4.79061235e-13 2.40200748e-10 1.16084919e-12
 6.01759667e-07 7.42472750e-12 7.56505969e-13 9.70556968e-13
 4.57290206e-10 7.50732809e-13 4.31654712e-13 6.17839113e-13
 8.60311822e-13 3.87356813e-13 1.02059472e-11 1.12254650e-12
 1.34918743e-11 1.34024347e-09 3.20743432e-13 3.09491321e-11
 3.55160346e-13 2.14110063e-10 1.39055434e-12 1.99373851e-12
 5.10258502e-13 1.22624133e-12 2.86326518e-13 1.56058094e-07
 3.73112652e-12 9.86732918e-12 6.59694521e-13 5.90638649e-13
 5.16342524e-12 2.66472966e-09 8.12017120e-13 2.68555175e-07
 4.30433467e-13 1.11211040e-12 5.04296604e-12 1.50046642e-12
 3.70148356e-13 3.84558597e-08 3.31956684e-13 9.99667016e-12
 5.83866289e-13 2.81439316e-11 2.09401813e-06 4.01601170e-06
 6.81787959e-13 1.40951695e-11 8.04578626e-13 3.21098703e-12
 6.79412610e-08 1.83919546e-12 1.61127486e-08 1.26554323e-12
 8.48432435e-13 2.92599278e-12 1.51734181e-12 2.50789700e-09
 3.60378394e-13 1.92978966e-12 2.02040806e-09 3.31512595e-12
 3.99634104e-10 4.10227408e-13 3.02785112e-05 5.91487970e-11
 8.55537863e-13 1.20625732e-12 2.63951898e-08 4.26880753e-13
 3.85136367e-13 5.17141885e-13 8.05598974e-08 4.97157870e-13
 7.61501973e-13 4.46643833e-11 7.94919686e-13 1.96007299e-09
 1.17534611e-06 3.81139564e-13 7.36743999e-13 9.22373289e-13
 3.04201109e-13 4.02233802e-13 4.91495733e-13 1.09061985e-06
 6.28386232e-13 3.71036535e-13 2.25761171e-08 4.30544489e-13
 1.31417099e-12 1.80033958e-06 5.75428594e-13 6.23501251e-13
 5.66324765e-13 2.21164665e-07 5.14921439e-13 1.27431399e-12
 5.34421232e-08 7.13429316e-13 3.16403681e-10 1.07465140e-07
 4.83868501e-12 2.98339131e-12 3.86094767e-09 4.39759340e-13
 5.97522032e-13 2.58114436e-07 6.98330282e-13 2.01239025e-12
 7.34856620e-13 1.65617597e-09 4.30433467e-13 6.20503648e-13
 4.24438262e-13 1.92414640e-10 1.35686917e-09 5.24247312e-13
 4.83613150e-13 1.94932959e-12 4.18443058e-13 9.80308057e-11
 3.33000294e-12 2.52908805e-13 4.45976589e-13 5.61439784e-13
 1.11610721e-12 1.12132525e-12 4.55185889e-11 2.41085232e-04
 2.46297427e-11 4.02344824e-13 4.37052616e-11 8.23452417e-13
 5.97055738e-11 1.11969063e-08 5.34504441e-10 2.47446508e-12
 1.57029945e-12 5.30797628e-13 4.27324842e-13 4.59521310e-13
 6.12510043e-13 2.60014232e-13 1.31843739e-08 4.25437463e-13
 2.62123656e-13 6.50868513e-07 1.74962091e-08 7.15011383e-11
 1.29914275e-07 9.02888875e-12 4.54636329e-13 1.02007292e-12
 5.41704459e-11 1.83253412e-12 8.72524275e-13 1.44927403e-11
 5.44231327e-13 2.94209102e-13 3.08692753e-06 1.18716148e-12
 4.30322444e-13 1.90423233e-11 4.17887946e-13 8.94839758e-13
 8.26894109e-12 3.54050123e-13 4.41979786e-13 2.58759680e-12
 1.20879973e-11 2.46180853e-12 1.37267975e-12 7.72037989e-12
 5.29765121e-12 8.37711012e-10 4.37316849e-13 7.70938868e-13
 5.90422999e-09 2.96299467e-06 4.47308857e-13 6.90114632e-13
 1.76136883e-12 1.48214774e-12 1.13342669e-12 2.54045673e-11
 1.03407548e-08 1.31400446e-11 3.01227427e-08 7.77711229e-13
 5.22442090e-11 9.28701560e-13 9.43911616e-13 1.40917278e-11
 1.90362467e-07 2.25386376e-12 1.24045219e-12 3.04674286e-10
 7.98365818e-11 1.62492242e-12 4.24671409e-12 4.49636994e-11
 1.20970012e-10 4.57078819e-12 5.72131231e-12 1.49791290e-12
 6.34936548e-13 1.08781317e-10 9.42756984e-12 9.92206317e-13
 2.84972046e-12 2.22144525e-12 9.60009849e-13 5.28022071e-13
 3.84547949e-12 1.22888477e-10 7.08322290e-13 4.09672296e-13
 1.14397380e-12 7.83373366e-13 5.32454081e-11 1.35813583e-12
 2.06534789e-12 5.47339951e-13 8.29738363e-05 2.96211189e-02
 4.45865567e-13 8.56092974e-13 1.20925492e-12 5.38458167e-13
 4.49529303e-13] 
ys:  (301, 1) .....
 




Mean:  [ 1.06173256e+00  6.80925665e-01  1.04249393e+00 -8.41858650e+00
  6.06492188e-01  5.59971628e-01  7.19467950e-01  4.64147384e-01
  3.49993685e-01  6.13088732e-01  6.51033846e-01  5.42634595e-01
  4.70644919e-01 -6.33738994e+00  6.76792115e-01  8.31670736e-01
  7.43071854e-01  5.37077530e-01  5.07155721e-01  5.72689866e-01
  5.23038443e-01  4.99941242e-01  7.13180530e-01  7.79278940e-01
 -1.31568246e+01  6.60918219e-01  8.73527722e-01  5.68495582e-01
  2.36617401e-01  6.03627498e-01  8.05223220e-01 -9.12735881e-01
  7.36265879e-01  6.75665090e-01  5.69970675e-01  5.16230877e-01
  6.41570307e-01  8.01769430e-01 -9.48619278e-01 -1.40576194e-02
  7.98321983e-01  7.69950559e-01  6.13358199e-01  5.51659755e-01
  8.19948717e-01  1.29780885e-01  4.39637466e-01 -6.59128459e-01
  5.23932105e-01  1.91102652e+00  5.15599600e-01  7.68349552e-01
  5.11872022e-01  6.08911931e-01  6.81788092e-01  6.82750239e-01
  7.84642895e-01  7.99500142e-01  6.21887392e-01 -4.57767257e+00
  6.48761982e-01  8.07043052e-01  1.69267975e+00  3.13022619e-01
  8.09507773e-01  7.07255901e-01  7.25231925e-01 -7.09565728e-01
  2.62102386e+00  6.98663549e-01  1.38960924e+01  8.12940221e-01
  6.18209281e-01  7.37321242e-01  5.23044042e-01  4.86154899e-01
  5.92114239e-01  6.73963905e-01  6.63947951e-01  5.95519277e-01
  4.92653321e-01  5.72406508e-01  4.23188834e-01  4.24543064e-01
  7.84290254e-01  6.81601667e-01  7.37679304e-01  6.34181189e-01
  4.46837761e-01  1.29587044e-01 -1.91476470e+01  4.16706008e-01
  4.53837094e-01  6.44722377e-01  6.17614031e-01  5.70315388e-01
  8.39008574e-01  3.88398579e-01  8.24587476e-01  3.83071450e-01
  5.74753234e-01  7.94352957e-01  6.84486411e-01 -2.32635277e+01
  6.95949787e-01  2.44368072e-01  7.83577873e-01  5.11973901e-01
  7.49880257e-01  7.65942402e-01  7.64114447e-01  8.19023902e-01
  8.66786882e-01  9.18000085e-01  6.60206744e-01  4.18383606e-01
  9.07024182e-01  3.62793733e+00  6.72211339e-01  6.12090938e-01
  7.01062700e-01  4.38744814e-01  1.41290040e+00  2.27213183e-01
  8.76449714e-01  1.55800814e+00  5.57212598e-01 -2.46630166e+01
  6.43711558e-01  6.55637921e-01  6.01237413e-01  7.84058632e-01
  4.79123995e-01  6.16340210e-01  6.75172831e-01  4.35472929e-01
  9.91484896e-01 -3.69575271e-02  6.46369484e-01  3.18973570e+00
  6.97782361e-01  5.73292270e-01  3.95575059e-01  6.35668044e-01
  2.34075880e+01  1.32110478e+02  8.27972293e-01  7.53412637e-01
  2.39505186e-01  7.33812184e-01  6.18312468e-01  5.25355891e-01
  1.65197956e-01  6.84951146e-01  6.92033749e-01  4.20441444e-01
  2.54589064e-01  1.20955783e+00 -1.64414923e-01  6.39945177e-01
  6.60157741e-01  3.65558933e-01  5.15051118e-01  8.21471752e-01
  4.40833269e-01  4.47862754e-01  7.13114848e-01  3.16165110e-01
  7.25518221e-01  2.69388033e+00  8.34406401e-01  9.33387069e-01
  5.45761167e-01  5.25067440e-01  3.49017936e-01  3.41940929e-01
  2.92268868e-01  7.48354480e-01  4.79413949e-01  1.19450188e+00
  7.75077406e+00  5.14960973e-01 -2.47986803e+00  7.37539474e-01
  7.71046258e-01  9.16772220e-01 -4.71840267e+00  3.69709337e-01
 -1.77735059e+00  6.74526787e+01  8.03337377e-01 -7.54539915e+00
  7.92027137e-01  1.55526403e+00 -1.32962805e+02  1.03213850e+00
  3.57421093e-01  7.93688407e-01  4.97242147e-01  6.77120131e-01
  6.42392900e-01  6.89054870e-01  5.92444464e-01  4.25733693e-01
 -3.26360219e+02  6.29230855e-01  4.21865334e-01  4.92757045e-01
  6.68617724e-01  6.81108222e-01 -3.33557344e+00  8.32612291e-01
  4.55806795e-01  5.53540182e-01  6.15433230e-01  8.29378559e-01
 -4.67171641e+00 -4.29461340e-01  6.49250618e-01  1.72186309e-01
  8.01086959e-01  4.88990177e-01  7.63691142e-01  4.38163066e-01
  6.24277121e-01  7.80259648e-01  4.52618867e-01  5.01003649e-01
  2.69557722e+01  6.06542148e-01  5.31826889e-01  8.75473810e-01
  4.30217138e-01  7.59908351e-01  3.15388528e-01  4.59412466e+01
  6.65171097e-01  2.50528957e+00  7.50346436e-01  6.52673649e-01
  4.37880996e-01  3.03279816e-01  7.07497368e-01  7.57635579e-01
  3.75618266e-01 -2.31109275e+00  7.53365736e-01  6.90998606e-01
  3.19457928e-01  6.21938931e-01  5.97331954e-01  7.48899386e-01
  5.03218692e-01  4.89040168e-01  9.09176844e-01  7.58941342e-01
  4.75964970e-01  8.94967435e-02  3.06155450e-01  5.06027456e-01
  7.12890249e-01  4.13118935e+00  5.38785263e-01  5.13106963e-01
  7.36776863e-01  7.22698887e-01 -6.19107399e+00  2.33829724e+01
  6.59843454e-01  3.37168072e-01  8.13807516e-01  3.06966881e-01
  3.76713837e-01  1.78775316e-01  6.51805757e-01  7.82241981e-01
  6.93457793e-01  6.81794639e-01  4.78509349e-01  5.67168098e-01
 -7.70359191e-01  3.95393596e-01  4.38388747e-01  4.29308980e-01
  6.80164017e-01  7.00980894e-01  1.24648772e-01  6.51095935e-01
  6.73919611e-01  6.75468658e-01  7.04217224e-01  5.50315935e-01
  7.45898082e-01  5.78656881e-01  1.02539060e+00  1.06718625e+00
  5.25729498e-01  6.14871984e-01  9.87837532e-01  4.22107379e-01
  9.10048772e-01] 
Variance:  [8.41883624e-08 5.47339951e-13 3.90120714e-10 1.65137417e-07
 3.31712435e-12 3.98681088e-13 4.53304061e-13 6.14064355e-13
 2.23232544e-12 2.72892819e-13 8.47877324e-13 7.71716024e-13
 1.78423942e-12 8.58412594e-05 4.51305660e-13 3.38840067e-13
 3.70970255e-10 3.33411077e-12 1.01818554e-12 1.74193993e-12
 4.74398298e-13 4.55024907e-12 5.38347145e-13 8.30113756e-13
 2.24360955e-05 1.53776991e-12 4.48863169e-13 4.97312488e-06
 9.82713910e-11 1.56341606e-12 7.27862215e-13 2.11828952e-08
 4.54081217e-13 4.93161068e-13 1.98041583e-12 1.31384903e-11
 4.98379116e-13 6.76236844e-13 5.09568240e-07 2.22781159e-08
 7.36077865e-13 5.00488540e-13 3.30291350e-13 2.74813505e-12
 1.19060317e-12 2.06701323e-12 7.06879000e-13 8.73151440e-10
 5.23945332e-11 4.69904771e-09 5.97744076e-13 8.60422844e-13
 2.52242671e-13 9.84645698e-12 4.27102798e-13 8.83848550e-13
 7.91144927e-13 9.80771020e-13 3.41837669e-13 1.85121765e-06
 3.60100838e-12 8.42148573e-12 6.27426255e-09 4.30655511e-13
 8.01081423e-12 3.87800903e-13 6.20392626e-13 5.92006555e-10
 1.55175231e-06 4.13613588e-12 1.95368215e-06 6.56696919e-13
 8.30224778e-13 7.91811061e-13 8.17901302e-13 6.91446900e-13
 5.30245403e-10 2.19657625e-12 3.74478226e-13 7.23643367e-13
 6.47260023e-13 8.34821101e-12 3.81195076e-12 5.68101122e-13
 4.08117984e-13 7.61724017e-13 6.01851902e-13 5.43787237e-13
 7.99693645e-13 2.26476393e-10 1.26344770e-05 2.42350584e-12
 1.89259719e-12 9.44910816e-13 9.92761429e-13 1.11710641e-11
 4.28421165e-09 4.32431868e-13 6.03739281e-13 1.03816955e-12
 5.03486142e-13 4.29323244e-13 1.55853108e-12 5.23971577e-06
 3.62598840e-13 1.09844356e-10 8.89399665e-13 4.49307258e-13
 6.61248833e-13 9.00612918e-13 7.86670507e-10 8.76587691e-12
 7.92921284e-13 1.33038025e-12 3.54938301e-13 1.27864386e-12
 6.40683395e-10 4.56707379e-06 3.44946294e-13 3.57047725e-13
 9.67781411e-13 4.25326441e-13 1.70889348e-08 1.96929584e-10
 1.43173606e-09 1.50823675e-08 6.65878463e-12 2.02378535e-06
 1.28286270e-12 1.38978462e-09 6.46926956e-13 6.33838537e-11
 4.18332036e-13 4.63740157e-13 1.02151620e-12 3.35615546e-08
 1.76325621e-12 4.35218528e-11 3.82471832e-13 1.38690016e-06
 3.51829677e-13 5.40001377e-12 9.12614428e-12 2.39773423e-10
 8.06418071e-06 1.42127387e-04 1.47259982e-12 2.66116906e-10
 7.90034704e-13 6.79588608e-11 6.81343870e-13 6.63136213e-13
 1.41432432e-09 7.90922883e-13 4.47197834e-13 7.02554814e-09
 8.58504379e-11 3.29428129e-09 7.77844233e-10 3.59601238e-13
 3.36506367e-09 2.26905161e-11 1.39244172e-12 6.26720897e-12
 8.56592575e-12 4.36371272e-10 8.23785484e-13 1.44837364e-10
 5.12700993e-13 2.01835612e-07 1.14742660e-11 1.28836941e-11
 2.35222952e-12 6.00075545e-13 5.74318371e-13 7.46853690e-11
 3.23776561e-11 6.52367049e-13 5.19118082e-12 6.87541607e-08
 2.10182298e-07 2.18085106e-10 2.97626858e-07 4.19442259e-13
 4.55191440e-13 2.87914137e-12 1.69887737e-08 4.54332572e-10
 8.67285266e-09 2.19402412e-05 1.96483874e-08 2.81043703e-07
 6.42041975e-13 2.18502973e-07 4.42910892e-03 3.57736063e-12
 4.31987779e-13 5.30020472e-13 5.71875880e-13 4.67959005e-13
 5.51780843e-13 7.20312698e-13 5.06705788e-13 2.44027021e-13
 8.64587906e-02 1.56108459e-12 9.63451541e-13 1.35966793e-11
 1.45872203e-12 5.40234524e-13 3.84001412e-08 1.35659329e-08
 7.52454765e-11 8.10351786e-13 8.39883718e-13 5.08182385e-12
 8.20413972e-08 1.97525318e-09 6.03295192e-13 1.40419010e-10
 2.47135645e-12 3.49387186e-13 2.50626186e-11 6.15187901e-11
 6.84885482e-12 7.47291118e-13 4.24338342e-12 3.00426350e-13
 1.39628321e-04 7.01216862e-13 6.02962125e-13 1.22091226e-12
 4.83281859e-10 3.51052520e-13 7.45843176e-09 1.39285201e-02
 8.37996339e-13 2.15896699e-06 2.70727885e-12 1.04871667e-12
 4.64406291e-13 1.36302081e-12 9.05719943e-13 4.74997819e-12
 1.45616852e-12 1.02474823e-08 6.01629857e-13 4.44200232e-13
 1.23787247e-09 8.91065000e-13 8.39328607e-13 3.70370401e-13
 6.49535981e-12 3.87196941e-11 1.31650246e-12 7.87037102e-13
 5.71764858e-13 2.41163756e-11 6.09734485e-13 7.51398943e-13
 7.02216063e-13 3.88484289e-06 4.21218616e-13 9.74764713e-12
 5.90860694e-13 3.31956684e-13 3.87014993e-07 2.71246060e-05
 5.76871884e-13 2.90160118e-11 1.11122223e-12 1.11181953e-09
 1.97806216e-11 1.90036875e-12 4.69224659e-12 3.44924089e-12
 1.09867671e-12 1.31950006e-12 1.54154467e-12 2.91500157e-12
 1.31485922e-09 2.88757906e-12 2.10653717e-12 2.82507351e-12
 5.63549207e-13 8.55426840e-13 3.85402821e-12 5.18474152e-13
 7.82041099e-13 3.85580456e-13 1.18782761e-12 1.82098780e-12
 5.40345546e-13 2.77333712e-13 2.30948582e-09 4.56083349e-09
 1.45816692e-12 2.78410628e-12 2.92430857e-09 2.40363285e-12
 2.57682764e-13] 
ys:  (301, 1) .....
 




Mean:  [  0.50853738   0.29683681   0.91391344   0.55122197   0.39791043
   0.37842085   0.56941012   0.84494397   0.59771072   4.47986419
   0.71067308  -0.11773099   0.53469209   0.43491646   0.513815
 -10.55986084   0.8647896    0.70507282   0.63460742   0.46150133
   0.68584698  -1.39530608   0.53778912   1.48719543   0.82717219
   0.65482625   0.59867388   0.54958334   0.39532152   0.53798123
   0.54345552   0.62601678   0.77985986   0.7098506    0.53806828
  -0.96183219  -2.1295215    0.65028689   0.83191371   0.53000355
   0.72205797   0.40929299   0.59897518   0.93459151   0.83317779
   0.32197287   0.76107585   0.29772358   0.72766534   0.60116837
   1.8353888   -1.68047705   0.74406729   0.10552783   0.71968318
   0.63266152   0.67874155   0.44107558   0.54296664   0.46015295
 -39.84997515   0.86978185   0.70086975   0.57221796   0.56476531
   0.74419897   0.84503615   1.2962964   -6.31831942   0.71272179
   0.5725457    0.658224     0.68827874   0.57877764   0.28448036
   0.3147745   -0.29123628   0.63746836   0.57977589   0.72228235
   0.72190358   0.60662067   0.64428325   0.69522197   0.6971253
   0.81795499   0.88575045   0.73260322   0.41419233   0.58740931
 -22.73592285   2.04739609   0.75374239   0.55740739   0.3253076
   0.65161245   0.65897551   0.61602949   0.56797479   0.61262804
  -0.76475992   0.4739353    0.79694288   0.67016063   0.59039154
   0.62134625   0.67038271   0.66068722   0.53606645   0.47447536
   0.47715723  61.58316905   0.74467406   0.78042061   0.81303966
   2.87378483   0.68349264   0.74817857   0.40498893   0.78656475
   0.77780929   0.636875    20.90233584   0.80208522 -69.4161288
   0.64209358   0.45339527   0.80395936   0.72657113   0.58286243
   0.70145734   0.40873496   0.73447132   0.62213873   0.75431779
   0.64482373   0.5348778    0.39842325   0.86475265   0.75414703
   0.55025464   0.45763321   0.83996894   0.31200592   0.57027401
   0.78326754   0.69976885   0.53150468 -40.01209654   0.76090442
   0.69119809 -18.17954917   0.82063822   0.88086793   4.26266328
   0.57010863   0.97303424   0.63050035   0.4578371    0.88280685
   0.33296019   0.51974443   0.10526926   0.46691886   0.42966976
   0.53360022   0.12398904   0.55394692   0.72061796   0.42383408
   0.57485764   0.39814153   0.53746846   0.29139773   0.65904969
   0.57588179   0.49226576   0.63620922   0.71818766   0.58947203
   0.74033532   0.31648745   0.68354361   0.51323972  30.70444667
   0.4798718    0.63211592   0.31507055   0.75612119   0.59758861
   0.63325018   0.45824337   0.55445907   0.44369177   1.02343029
   0.39783203   0.41999919   0.44934496   0.68151491  -0.62248085
   0.7117102    0.50958197   0.44977704   0.57076892   0.70094308
   0.59331791   0.47291082   0.86888397   0.50759717   0.79669861
   0.58447219   0.58393574  -1.53782304   0.52244278   0.62777552
   0.46339434   0.60580985   0.30800175   0.59334134   0.57175685
   0.72669964   0.72421635  11.11006002   0.75003448   0.60774219
   0.66932907   0.54493844   0.70016573   8.76118119   0.73276996
   0.64387861   0.67998428   0.60554839   0.59810399   0.58119244
   0.64200097  -1.02325528   0.49127877   0.65216751   0.60995446
   0.08408742   0.56846252   0.64960484   0.46992641   0.60775242
   0.60312588   0.55914907  -0.15729114   0.76662527   0.75907529
   0.70123225   0.52511566   0.73142623   0.8888507    0.91129394
   0.75541279   0.37189866   0.45152346   0.55876248 -40.82235894
   0.49144345   0.7172396    0.6766648    0.48554553   0.89191308
   0.72175661   0.60825642   0.7817665    0.52982537   0.49332182
   0.52180031   0.55868375   0.34881198   0.85630961   0.65746251
   0.66105785   0.43900384   0.45490949   1.18797524  25.63204848
   0.66516887   0.61751229   0.67007508   0.56297121   0.5392443
   0.62047647   0.29082806   1.41245825   0.4704938    0.32484789
   0.77215048   0.1201082    1.50972938   2.31983553   2.55828058
   0.87731626   0.25086054   0.77784417   0.85556112   0.76072268
   0.83551437] 
Variance:  [4.97346608e-12 1.09473333e-08 9.28653821e-11 8.18445312e-12
 5.17091259e-10 5.47673018e-13 9.46002165e-11 1.71429537e-12
 6.76014800e-13 2.29200003e-08 5.76205750e-13 2.20926499e-10
 1.15304433e-11 1.52633461e-12 1.13109522e-12 2.40125584e-06
 6.46260823e-13 1.40321088e-12 2.65287792e-12 4.02944345e-12
 1.74149584e-12 5.77760410e-07 5.92526028e-13 7.12632509e-09
 9.29367694e-13 7.83928478e-13 2.07794892e-11 8.53250803e-12
 7.85304044e-11 1.94795846e-10 1.06992193e-12 1.98818739e-12
 8.01136935e-13 4.96580554e-12 5.14477350e-13 5.62892399e-10
 1.06567063e-05 7.54496465e-12 5.70321568e-13 5.43565193e-13
 3.76698672e-13 1.02231557e-11 6.88116231e-13 6.62893418e-09
 4.25326441e-13 1.80899740e-12 1.29352085e-12 1.54227631e-10
 4.45754544e-13 6.01296790e-13 4.58884153e-10 4.15715097e-08
 9.72333325e-13 1.02295949e-12 6.53588295e-13 8.86291041e-13
 7.49178497e-13 4.63962202e-13 5.45341550e-13 1.63523639e-11
 2.86347506e-07 4.54014604e-12 4.28990177e-13 4.59077221e-13
 4.15334434e-13 3.77586851e-13 1.06747944e-12 9.39902822e-10
 2.95051333e-08 2.13395968e-12 1.23934196e-12 5.57442981e-13
 1.37856393e-12 2.25020003e-12 9.97529837e-11 7.86593013e-13
 5.68572698e-07 3.45057316e-13 5.55333557e-13 4.80060436e-13
 1.22313271e-12 5.64737146e-12 4.66293670e-13 5.38381562e-11
 7.93587418e-13 7.48716644e-11 1.08257847e-12 1.31473388e-10
 2.30027108e-12 7.47957252e-13 6.59556379e-06 2.40709275e-07
 5.48672219e-13 4.44311254e-13 9.93205518e-13 6.10844708e-13
 9.75786119e-12 1.53123070e-11 4.84279283e-13 7.05546732e-13
 8.79128995e-08 1.33348887e-12 8.11128942e-13 2.22823315e-10
 5.52335955e-13 3.07298631e-12 6.19171381e-13 3.65629749e-12
 9.46021039e-13 8.19533330e-12 3.69371200e-13 6.82089476e-05
 6.48703313e-13 6.25610674e-13 3.35342865e-12 3.73607190e-09
 5.95634653e-13 1.16850973e-12 8.63398242e-12 5.19140286e-13
 5.91970917e-13 1.91310301e-11 3.70728623e-06 9.41913214e-13
 3.54360190e-03 5.77538017e-13 3.85991239e-12 2.82662782e-13
 2.66453526e-13 4.73288075e-13 6.58140209e-13 1.68909331e-12
 6.61193322e-12 3.56048524e-13 5.47784040e-13 4.38140291e-09
 6.72573108e-13 2.35178543e-12 2.77589063e-12 3.49609230e-13
 3.31845662e-13 1.55277937e-08 9.09283759e-12 8.81184015e-13
 4.02555766e-12 1.86162197e-12 3.26402461e-10 1.84519067e-12
 6.91256115e-03 4.78206363e-12 8.27227176e-13 5.09367113e-06
 4.92494934e-13 7.93576316e-12 8.50711995e-08 4.80504525e-13
 1.00386366e-12 6.45372644e-13 6.73461287e-13 1.24700250e-12
 4.81148454e-12 4.45976589e-13 1.67565961e-12 2.58237876e-13
 3.97711597e-09 5.24802424e-13 2.45966680e-09 1.27131639e-12
 5.81534820e-13 1.94200211e-12 4.97490937e-13 5.02438413e-09
 4.35909420e-10 1.00628939e-09 6.40376641e-13 3.78919118e-13
 1.03417275e-12 7.53846985e-11 5.62105917e-13 5.95745675e-12
 3.59823282e-13 5.00821606e-13 3.20224958e-11 5.02042852e-12
 1.22189830e-04 1.19386423e-09 2.36299758e-10 3.26988769e-10
 3.80584453e-13 7.00994818e-13 1.59028346e-12 1.31028521e-12
 1.00008890e-12 3.55560026e-12 1.42109431e-08 4.66515715e-13
 4.57722749e-11 1.06248177e-09 3.50386387e-13 2.07579285e-08
 5.19584376e-13 3.57602836e-13 1.36046729e-12 4.90385510e-13
 6.57918164e-13 4.02011757e-13 5.94937433e-11 4.25215418e-13
 3.85530496e-11 1.63380420e-12 3.11195514e-13 7.34412531e-13
 2.94678080e-08 4.66959804e-13 9.13824572e-13 6.19060359e-13
 1.73787651e-11 6.43041176e-13 4.20996571e-13 4.67847983e-13
 7.13540338e-13 2.18169927e-12 1.68896344e-08 3.97903932e-13
 8.52762305e-13 2.53463917e-13 8.30113756e-13 5.44786438e-13
 1.51038469e-05 5.91415805e-13 1.26538890e-10 4.66179084e-09
 6.75995226e-09 3.53606033e-13 2.46036524e-12 9.01834163e-13
 4.55676711e-08 1.33493216e-12 7.13240578e-12 2.60924615e-12
 1.40907838e-08 4.60187444e-13 2.15505391e-12 1.10036424e-11
 4.47974990e-13 4.64739358e-13 2.66487943e-11 9.13525700e-10
 1.54309898e-12 4.30544489e-13 2.41384690e-11 4.89497332e-13
 9.55902024e-13 7.98825450e-11 1.59960933e-12 6.61093402e-12
 4.22661905e-13 1.34470213e-12 1.36679557e-12 3.64204796e-05
 4.26747526e-12 4.07118783e-13 3.71258579e-13 1.37301281e-12
 1.21247457e-12 1.90848448e-11 8.17901302e-13 9.17466103e-12
 4.10338430e-13 1.86081150e-10 5.76649839e-13 5.46118706e-13
 2.08200124e-12 4.86699570e-12 2.86548563e-13 1.20448096e-12
 7.44826423e-12 1.40332190e-12 1.29745104e-10 1.42948139e-06
 7.42184092e-13 5.58220137e-13 3.43947093e-13 4.32653913e-13
 4.21884749e-13 4.17998969e-13 1.58504943e-09 2.43699727e-09
 3.60933505e-13 4.71733763e-13 7.55839835e-13 4.39341341e-10
 7.31967167e-08 1.50997773e-08 5.89022455e-08 4.71178652e-13
 1.30906397e-12 4.33764136e-13 2.07411865e-12 1.25910393e-12
 2.02393657e-12] 
ys:  (301, 1) .....
 




Mean:  [ 5.66881892e-01  7.53475658e-01  6.58787725e-01  7.52969356e-01
 -3.14193853e-01  7.05483974e-01  1.25959162e+00  7.36957911e-01
  2.92191634e-01  6.55957228e-01  5.20253823e-01  3.61977843e-01
  2.08411093e-01  6.56131158e-01  7.28323246e-01  5.51975387e-01
  4.63514130e-01  6.99659044e-01  6.21417609e-01  5.72889977e-01
  7.40802977e-01  8.28907137e-01 -7.42671544e-02  5.69366312e-01
  7.22634610e-01  7.07594915e-01  4.54350904e-01  2.96351941e-01
  5.89937142e-01  7.26833942e-01  6.97759092e-01  4.71938453e-01
  7.92951378e-01  1.59567096e+00  5.28039364e-01  7.94472640e-01
  6.89884241e-01  6.62702781e-01  7.42720487e-01  7.61729196e-01
  7.35461844e-01  7.36093542e-01  3.37681203e-01  4.54562689e-01
  4.52130652e-01  5.46526893e-01  3.59061459e-01 -1.29972875e+01
  7.43979771e-01  5.05305302e-01  4.36742728e-01  6.30957692e-01
  5.92511158e-01  1.67677814e+00  6.22856204e-01  6.39207766e-01
  7.25082616e-01  7.68063069e-01  4.10325671e-01  4.22009509e-01
  7.91585501e-01  6.77547634e-01  4.99546082e-01  8.56153595e-01
  7.92533443e-01  6.53391140e-01  6.71651763e-01  4.07035161e+00
  9.20181308e-02  4.92179223e-01  7.38727221e-01  7.19656662e-01
  5.75850315e-01  6.70006761e-01  2.72352001e-01  6.53756591e-01
  6.16398454e-01 -1.55374260e+01  6.96742815e-01  7.89350496e-01
  6.09287457e-01  5.03326769e-01  8.36765081e-01  7.30730920e-01
  5.16505815e-01  7.72747557e-01  8.03588729e-01  5.98730071e-01
  4.18664661e-01  8.41238253e-01  4.06066199e-01  4.69280012e-01
  2.93760690e+01  5.22346532e-01  7.30184495e-01  5.36510220e-01
  9.23454828e-01  6.52986266e-01  5.41536633e-01  4.27889969e-01
  6.72492618e-01  8.19209828e+00 -4.43129704e-03  1.92593057e-01
  7.75004418e-01  8.07054328e-01 -7.35258574e-01  5.25938101e-01
  1.72961496e-01  1.01851542e+00  1.00042218e+01  6.49899383e-01
  1.43615788e-01  1.22057880e+00  6.48084012e-01  7.45779414e-01
  8.10560975e-01  7.48349344e-01  5.32303188e-01  4.90063717e-01
  5.99658922e-01  7.70614528e-01  6.23431334e-01  8.30013845e-01
  6.54914300e-01  9.44728083e-01  6.64339459e-01  7.79914372e-01
  4.54291727e-01  8.82241555e-01  6.47150023e-01  4.61478024e-01
  2.16982156e+00  5.02766892e-01  4.95534584e-01  6.96495173e-01
  3.39533264e-01  5.16917919e-01  4.54274644e-01  4.74712966e-01
  2.88502809e-01  5.50606843e+00  6.68674415e-01  9.21969582e-01
  4.44411797e-01  6.38727790e-01  7.94901266e-01  5.84546844e-01
  6.14170448e-01  4.48220244e-01  6.60291232e-01  1.44191785e+00
  5.76532085e-01  6.34330361e-01  7.08968200e-01  5.76342074e-01
 -1.29359828e+00  6.00686509e-01 -9.33157028e+01  6.11027746e-01
  5.66542287e-01 -7.57179214e-01  5.27432235e-01  5.59837007e-01
  8.59461417e-01  7.98981493e-01  7.87588707e-01  6.50314098e-01
  7.59733947e-01  6.55067841e-01  6.35059999e+00  5.98003181e-01
  4.42501321e-01 -2.69261778e-01  6.70442045e-01  3.56888574e-01
  4.43128670e-01  1.62158064e+00  7.60897996e-01 -7.49248717e+00
  3.97475701e-01  8.24719238e-01  2.95604953e+00  5.87898188e-01
  1.16948307e-01 -8.03608885e+01  4.58833121e-01  5.30655600e-01
  7.78231150e-01  6.13553435e-01  5.39896932e-01  5.38504749e-01
  7.28858133e-01  4.39650926e-01  7.63778066e-01  5.47912247e-01
  6.13474026e-01  2.92121942e-01  7.30734116e-01  5.95159418e-01
  5.02726810e-01  6.05005843e-01  7.45905552e-01  2.18740992e-01
  2.80993676e-01 -1.92286738e-01  5.42151054e-01  5.68895245e-01
  5.24900044e-01  5.96405908e-01  5.93477423e-01  4.34297068e-01
  5.22505748e-01  4.37435590e-01  6.70151101e-01  4.87927334e-01
  7.86116399e-01  1.09310057e+00  4.27358146e-01  5.11585482e-01
  6.32022341e-01  6.21020600e-01  5.88607446e-01  8.12718626e-01
  7.65815848e-01  6.58720246e-01  4.76075606e-01  5.93575275e-01
  6.27550932e-01  5.10925960e-01 -4.21388942e-01  5.64886447e-01
  1.30049119e+01  5.39177816e-01  4.64361267e-01  5.86030339e-01
 -7.95917871e-01  3.15190951e-01  2.21199100e-01 -1.04189016e+00
  5.19073319e-01  4.61704335e-01  5.24093410e-01  5.75613623e-01
  7.62376265e-01  8.67674434e-01  5.93578161e-01  7.27396835e-01
  3.31544255e-01  4.79638396e-01  3.90877187e-01  6.83347157e-01
  4.05762064e-01  7.11599675e-01  4.73446056e-01  5.20374214e-01
 -2.25699538e+01  5.06758664e-01  5.86187471e-01 -4.52052929e+00
  7.65077079e-01  7.67252854e-01  6.87507877e-01  6.48212567e-01
  8.61551177e-01  6.17034147e-01 -1.95565847e-01  6.77969500e-01
  7.37231588e-01  7.49954361e-01  8.22311030e-01  2.77888671e-01
  8.09836453e-01  1.49422228e+00  4.57383739e-01  8.04098369e-01
  3.68243822e-01  4.95092218e-01  6.95048269e-01  4.88410110e-02
  6.81271142e-01  2.31882509e-01  5.86706176e-01  5.39805311e-01
  6.87702133e-01  3.97019986e-01  7.24201307e-01  6.77935387e-01
  7.38326152e-01  7.01657819e-01  6.20584409e-01  3.92075472e-01
  1.02805927e+00  7.53496133e-01  8.60903668e-01  7.43876483e-01
  7.16706159e-01  6.75882769e-01  8.08600675e-01  6.67943282e-01
  6.83292669e-01] 
Variance:  [1.75248704e-12 2.56683563e-13 1.14908083e-12 4.00679490e-13
 1.83803441e-08 4.04454248e-13 1.64679492e-09 5.19584376e-13
 2.20046203e-12 2.90212299e-13 5.42121903e-13 2.03326245e-12
 9.41160294e-09 2.30093722e-12 1.28463906e-12 8.61977156e-13
 9.00723940e-13 2.13984386e-12 5.61328761e-13 5.18363130e-13
 5.98965322e-13 3.94129174e-13 4.44043691e-11 7.26640970e-12
 3.15858451e-13 1.37645451e-12 5.98521233e-13 1.14608101e-10
 1.51489932e-12 5.81756865e-13 1.07536202e-12 1.04995790e-10
 3.42614825e-13 1.80370203e-08 4.23661106e-13 1.34048328e-12
 3.33733041e-13 2.11153317e-12 8.51534399e-11 7.03215264e-13
 1.03028697e-12 4.90829599e-13 5.88395999e-12 5.97855099e-13
 8.17568235e-13 6.89359680e-12 8.21978929e-10 4.39972390e-05
 2.81786217e-09 3.21243032e-12 5.84976512e-13 7.10653758e-13
 1.76914039e-12 4.28708535e-08 8.63853433e-12 4.11348733e-12
 5.03930231e-13 1.08921649e-10 5.08237896e-12 2.41151543e-12
 2.55018229e-13 2.45254816e-10 3.96127575e-13 2.60116373e-11
 1.06881171e-11 8.43214387e-13 1.60571556e-12 3.99216860e-09
 2.41511255e-11 3.08608694e-12 7.48068274e-13 3.39011041e-11
 1.62848290e-10 8.97282249e-13 3.62820884e-13 5.38902256e-13
 4.97157870e-13 2.72268525e-05 3.58379992e-13 9.15267862e-13
 2.83539858e-12 1.46190837e-11 1.26443300e-12 4.15445456e-13
 5.58442181e-13 2.37676823e-09 1.77624582e-12 1.24744659e-12
 5.48117107e-12 4.30988578e-13 1.46882506e-12 1.09789955e-12
 3.51003465e-04 2.34996467e-11 4.61630734e-13 1.39332990e-12
 5.19930765e-11 4.76174655e-13 2.28106423e-12 5.57121016e-12
 6.08073369e-10 9.42397971e-09 3.20368954e-10 8.83182616e-09
 1.45605750e-12 7.27529148e-13 5.77913495e-10 1.26343380e-12
 2.17975638e-11 1.16129328e-12 1.49766532e-04 4.24216218e-13
 9.71445147e-13 9.84094750e-09 3.17412763e-13 5.26617638e-11
 3.82138765e-13 4.67736960e-13 4.94049246e-13 9.40802991e-13
 4.71067629e-13 3.92597066e-12 4.29323244e-13 1.27631239e-12
 8.27358182e-11 4.05675493e-13 4.18665103e-13 5.74710279e-11
 4.39642878e-10 1.15274457e-12 2.24442687e-12 1.13808962e-12
 3.11828844e-07 1.63014047e-12 1.23079325e-12 3.91020549e-13
 2.30515607e-12 6.65356659e-13 4.66086059e-11 4.05564471e-13
 9.76106307e-10 1.42312255e-06 7.49844631e-13 9.31532185e-10
 4.84390306e-13 8.67861338e-13 7.55173701e-13 2.88991053e-13
 5.99742478e-13 3.27893268e-12 4.43201031e-13 4.66967497e-08
 3.33422179e-12 2.72337708e-13 7.74935671e-13 7.16648962e-13
 1.55994019e-07 5.56665825e-13 7.35660224e-07 4.45976589e-13
 1.11444187e-12 2.04108558e-08 1.25919275e-11 9.29212263e-12
 1.12900800e-11 8.33355607e-12 1.34392497e-12 2.74336109e-13
 1.46771484e-12 5.84976512e-13 1.74749732e-08 8.28004332e-13
 7.98472399e-13 2.25227269e-08 3.04867243e-13 8.46012149e-12
 2.05102602e-12 2.42755138e-09 5.98410210e-13 4.69233087e-08
 5.27051847e-10 1.61903824e-12 2.07867380e-06 7.35300709e-13
 1.03449138e-09 2.41858034e-06 3.76743081e-12 8.20354895e-11
 1.63768998e-12 5.44564394e-13 8.41327008e-13 7.45107309e-11
 8.55759907e-13 4.28990177e-13 7.75712827e-13 3.73336251e-09
 7.03770375e-13 7.97846011e-10 1.74783521e-11 5.02708986e-13
 1.45872203e-12 8.57203197e-13 9.64672786e-13 5.45896661e-13
 2.88491453e-12 5.25810337e-08 7.17526039e-12 4.45199433e-13
 3.19168025e-11 5.70654635e-13 4.28213021e-13 1.44406709e-12
 1.37745371e-12 4.20041779e-12 5.01302333e-11 1.51190171e-12
 1.29718458e-12 5.89722604e-10 1.37279077e-12 2.65787392e-13
 6.22057961e-13 3.98414635e-12 4.13669099e-13 1.33437705e-12
 5.94524430e-13 6.97109037e-13 1.43662859e-12 8.70636896e-13
 6.17395024e-13 1.39743772e-12 3.04709296e-08 5.45563594e-13
 1.22294093e-06 2.34579023e-12 5.56188429e-12 5.52891066e-13
 1.86805964e-08 4.26103597e-13 1.06191803e-08 5.15813786e-07
 4.66959804e-13 5.52125012e-12 6.49147402e-13 8.33999536e-13
 4.90163465e-13 4.23550084e-13 4.63629135e-13 7.48512363e-12
 3.55160346e-13 7.85815857e-13 8.76076989e-13 3.61954910e-12
 3.10307335e-13 8.45878922e-13 1.16062715e-12 4.10116385e-12
 1.49585521e-06 9.03166431e-13 4.70801176e-12 2.98092127e-06
 5.19106980e-12 8.56681392e-12 9.03166431e-13 1.43696166e-12
 1.80544468e-12 5.21360732e-13 1.18256562e-08 3.63487018e-13
 4.63518113e-13 3.84359211e-13 3.69182462e-12 4.64073224e-13
 5.07927034e-13 4.64154504e-09 2.92688096e-12 1.53965729e-12
 7.51176898e-13 5.69211345e-13 4.43018955e-11 5.74363576e-08
 6.96886993e-13 1.33477673e-11 1.80597759e-11 1.08990594e-12
 1.64745995e-12 6.92144120e-10 5.80868686e-13 3.96460642e-13
 8.15458812e-13 6.00075545e-13 4.09672296e-13 5.44786438e-13
 5.42189182e-10 3.85247390e-13 5.04818409e-13 3.20301563e-11
 5.58830759e-12 2.81573653e-11 1.42719170e-12 6.87006008e-13
 3.62043728e-13] 
ys:  (301, 1) .....
 
