Total EI VAR Regret
 [[0.03181864 0.03179531 0.02574589 0.02574589 0.02574589 0.02574589
  0.02574589 0.02574589 0.02574589 0.02574589 0.02574589 0.02574589
  0.01264151 0.01264151 0.01264151 0.01264151 0.01264151 0.01264151
  0.01264151 0.01264151 0.01264151 0.01264151 0.01264151 0.01264151
  0.01264151 0.01264151 0.01264151 0.01264151 0.01264151 0.01264151
  0.01264151 0.01264151 0.01264151 0.00909404 0.00909404 0.00909404
  0.00909404 0.00909404 0.00909404 0.00909404 0.00909404 0.00909404
  0.00909404 0.00909404 0.00909404 0.00909404 0.00909404 0.00909404
  0.00909404 0.00909404 0.00909404 0.00909404 0.00909404 0.00909404
  0.00909404 0.00909404 0.00909404 0.00909404 0.00909404 0.00909404
  0.00909404 0.00909404 0.00909404 0.00909404 0.00909404 0.00909404
  0.00909404]
 [0.03119818 0.03119818 0.03119818 0.02536836 0.02536836 0.02536836
  0.02303078 0.02303078 0.02303078 0.02303078 0.02303078 0.02303078
  0.01881244 0.01881244 0.01881244 0.01881244 0.01881244 0.01881244
  0.01881244 0.01881244 0.01881244 0.01881244 0.01881244 0.01881244
  0.01881244 0.01881244 0.01881244 0.01881244 0.01881244 0.01881244
  0.01881244 0.01881244 0.01881244 0.01881244 0.01881244 0.01881244
  0.01881244 0.01881244 0.01881244 0.01881244 0.01881244 0.01881244
  0.01881244 0.01881244 0.01881244 0.01881244 0.01881244 0.01881244
  0.01881244 0.01881244 0.01881244 0.01881244 0.01881244 0.01881244
  0.01881244 0.01753946 0.01753946 0.01753946 0.01753946 0.01753946
  0.01563474 0.01563474 0.01563474 0.01563474 0.01563474 0.01563474
  0.01563474]]

VAR Regret Mean [0.03150841 0.03149674 0.02847204 0.02555713 0.02555713 0.02555713
 0.02438834 0.02438834 0.02438834 0.02438834 0.02438834 0.02438834
 0.01572698 0.01572698 0.01572698 0.01572698 0.01572698 0.01572698
 0.01572698 0.01572698 0.01572698 0.01572698 0.01572698 0.01572698
 0.01572698 0.01572698 0.01572698 0.01572698 0.01572698 0.01572698
 0.01572698 0.01572698 0.01572698 0.01395324 0.01395324 0.01395324
 0.01395324 0.01395324 0.01395324 0.01395324 0.01395324 0.01395324
 0.01395324 0.01395324 0.01395324 0.01395324 0.01395324 0.01395324
 0.01395324 0.01395324 0.01395324 0.01395324 0.01395324 0.01395324
 0.01395324 0.01331675 0.01331675 0.01331675 0.01331675 0.01331675
 0.01236439 0.01236439 0.01236439 0.01236439 0.01236439 0.01236439
 0.01236439]

VAR Regret Deviation_std_err
 [3.79003059e-05 3.64750991e-05 3.33051533e-04 2.30615775e-05
 2.30615775e-05 2.30615775e-05 1.65851732e-04 1.65851732e-04
 1.65851732e-04 1.65851732e-04 1.65851732e-04 1.65851732e-04
 3.76949422e-04 3.76949422e-04 3.76949422e-04 3.76949422e-04
 3.76949422e-04 3.76949422e-04 3.76949422e-04 3.76949422e-04
 3.76949422e-04 3.76949422e-04 3.76949422e-04 3.76949422e-04
 3.76949422e-04 3.76949422e-04 3.76949422e-04 3.76949422e-04
 3.76949422e-04 3.76949422e-04 3.76949422e-04 3.76949422e-04
 3.76949422e-04 5.93646140e-04 5.93646140e-04 5.93646140e-04
 5.93646140e-04 5.93646140e-04 5.93646140e-04 5.93646140e-04
 5.93646140e-04 5.93646140e-04 5.93646140e-04 5.93646140e-04
 5.93646140e-04 5.93646140e-04 5.93646140e-04 5.93646140e-04
 5.93646140e-04 5.93646140e-04 5.93646140e-04 5.93646140e-04
 5.93646140e-04 5.93646140e-04 5.93646140e-04 5.15886439e-04
 5.15886439e-04 5.15886439e-04 5.15886439e-04 5.15886439e-04
 3.99537161e-04 3.99537161e-04 3.99537161e-04 3.99537161e-04
 3.99537161e-04 3.99537161e-04 3.99537161e-04]


Total EI FIX Regret
 [[0.03181864 0.03179531 0.02574589 0.02574589 0.02574589 0.02574589
  0.02574589 0.02574589 0.02574589 0.02574589 0.02574589 0.02574589
  0.02526797 0.02526797 0.02172587 0.02172587 0.02172587 0.02172587
  0.02172587 0.02172587 0.02172587 0.02172587 0.02172587 0.02172587
  0.02172587 0.02172587 0.02172587 0.02172587 0.02172587 0.02172587
  0.02172587 0.02172587 0.02172587 0.02172587 0.01950826 0.01950826
  0.01950826 0.01950826 0.01950826 0.01950826 0.01950826 0.01950826
  0.01950826 0.01950826 0.01950826 0.01950826 0.01950826 0.01950826
  0.01950826 0.01950826 0.01950826 0.01950826 0.01950826 0.01950826
  0.01950826 0.01950826 0.01950826 0.01950826 0.01950826 0.01950826
  0.01950826 0.01950826 0.01950826 0.01950826 0.01950826 0.01950826
  0.01950826]
 [0.03119818 0.03119818 0.03119818 0.02536836 0.02536836 0.02536836
  0.02303078 0.02303078 0.01927021 0.01927021 0.01927021 0.01927021
  0.01927021 0.01927021 0.01927021 0.01927021 0.01927021 0.01284984
  0.01284984 0.01284984 0.01284984 0.01284984 0.01284984 0.01284984
  0.01284984 0.01284984 0.01284984 0.01284984 0.01284984 0.01284984
  0.01284984 0.01284984 0.01284984 0.01284984 0.01284984 0.01284984
  0.01284984 0.01284984 0.01284984 0.01284984 0.01284984 0.01284984
  0.01284984 0.01284984 0.01284984 0.01284984 0.01284984 0.01284984
  0.01284984 0.01284984 0.01284984 0.01284984 0.01284984 0.01284984
  0.01284984 0.01284984 0.01284984 0.01284984 0.01284984 0.01284984
  0.01113276 0.01113276 0.01113276 0.01113276 0.01113276 0.01113276
  0.01113276]]

Multi Regret Mean [0.03150841 0.03149674 0.02847204 0.02555713 0.02555713 0.02555713
 0.02438834 0.02438834 0.02250805 0.02250805 0.02250805 0.02250805
 0.02226909 0.02226909 0.02049804 0.02049804 0.02049804 0.01728785
 0.01728785 0.01728785 0.01728785 0.01728785 0.01728785 0.01728785
 0.01728785 0.01728785 0.01728785 0.01728785 0.01728785 0.01728785
 0.01728785 0.01728785 0.01728785 0.01728785 0.01617905 0.01617905
 0.01617905 0.01617905 0.01617905 0.01617905 0.01617905 0.01617905
 0.01617905 0.01617905 0.01617905 0.01617905 0.01617905 0.01617905
 0.01617905 0.01617905 0.01617905 0.01617905 0.01617905 0.01617905
 0.01617905 0.01617905 0.01617905 0.01617905 0.01617905 0.01617905
 0.01532051 0.01532051 0.01532051 0.01532051 0.01532051 0.01532051
 0.01532051]

Multi Regret Deviation_std_err
 [3.79003059e-05 3.64750991e-05 3.33051533e-04 2.30615775e-05
 2.30615775e-05 2.30615775e-05 1.65851732e-04 1.65851732e-04
 3.95565278e-04 3.95565278e-04 3.95565278e-04 3.95565278e-04
 3.66371466e-04 3.66371466e-04 1.50003197e-04 1.50003197e-04
 1.50003197e-04 5.42189877e-04 5.42189877e-04 5.42189877e-04
 5.42189877e-04 5.42189877e-04 5.42189877e-04 5.42189877e-04
 5.42189877e-04 5.42189877e-04 5.42189877e-04 5.42189877e-04
 5.42189877e-04 5.42189877e-04 5.42189877e-04 5.42189877e-04
 5.42189877e-04 5.42189877e-04 4.06727973e-04 4.06727973e-04
 4.06727973e-04 4.06727973e-04 4.06727973e-04 4.06727973e-04
 4.06727973e-04 4.06727973e-04 4.06727973e-04 4.06727973e-04
 4.06727973e-04 4.06727973e-04 4.06727973e-04 4.06727973e-04
 4.06727973e-04 4.06727973e-04 4.06727973e-04 4.06727973e-04
 4.06727973e-04 4.06727973e-04 4.06727973e-04 4.06727973e-04
 4.06727973e-04 4.06727973e-04 4.06727973e-04 4.06727973e-04
 5.11615464e-04 5.11615464e-04 5.11615464e-04 5.11615464e-04
 5.11615464e-04 5.11615464e-04 5.11615464e-04]


Total EI ARD Regret
 [[0.03181864 0.03179531 0.02574589 0.02574589 0.02574589 0.02574589
  0.02574589 0.02574589 0.02574589 0.02574589 0.01916731 0.01916731
  0.01916731 0.01916731 0.01916731 0.01916731 0.01916731 0.01916731
  0.01916731 0.01916731 0.01916731 0.01916731 0.01916731 0.01916731
  0.01916731 0.01916731 0.01916731 0.01916731 0.01916731 0.01916731
  0.01916731 0.01916731 0.01916731 0.01916731 0.01916731 0.01916731
  0.01892782 0.01892782 0.01892782 0.01892782 0.01892782 0.01892782
  0.01892782 0.01892782 0.01892782 0.01892782 0.01892782 0.01892782
  0.01892782 0.01892782 0.01892782 0.01892782 0.01892782 0.01892782
  0.01892782 0.01892782 0.01892782 0.01892782 0.01892782 0.01892782
  0.01892782 0.01892782 0.01892782 0.01892782 0.01892782 0.01892782
  0.01892782]
 [0.03119818 0.03119818 0.03119818 0.02536836 0.02536836 0.02536836
  0.02303078 0.02303078 0.02303078 0.02303078 0.02303078 0.02303078
  0.02303078 0.02303078 0.02303078 0.02303078 0.02303078 0.02303078
  0.01682663 0.01682663 0.01682663 0.01682663 0.01682663 0.01682663
  0.01682663 0.01682663 0.01682663 0.01682663 0.01682663 0.01682663
  0.01682663 0.01682663 0.01682663 0.01682663 0.01682663 0.01682663
  0.01682663 0.01682663 0.01682663 0.01682663 0.01682663 0.01682663
  0.01682663 0.01682663 0.01682663 0.01682663 0.01682663 0.01682663
  0.01682663 0.01682663 0.01682663 0.01682663 0.01682663 0.01682663
  0.01682663 0.01682663 0.01682663 0.01682663 0.01682663 0.01682663
  0.01682663 0.01653329 0.01653329 0.01653329 0.01563811 0.01563811
  0.01563811]]

ARD Regret Mean [0.03150841 0.03149674 0.02847204 0.02555713 0.02555713 0.02555713
 0.02438834 0.02438834 0.02438834 0.02438834 0.02109905 0.02109905
 0.02109905 0.02109905 0.02109905 0.02109905 0.02109905 0.02109905
 0.01799697 0.01799697 0.01799697 0.01799697 0.01799697 0.01799697
 0.01799697 0.01799697 0.01799697 0.01799697 0.01799697 0.01799697
 0.01799697 0.01799697 0.01799697 0.01799697 0.01799697 0.01799697
 0.01787723 0.01787723 0.01787723 0.01787723 0.01787723 0.01787723
 0.01787723 0.01787723 0.01787723 0.01787723 0.01787723 0.01787723
 0.01787723 0.01787723 0.01787723 0.01787723 0.01787723 0.01787723
 0.01787723 0.01787723 0.01787723 0.01787723 0.01787723 0.01787723
 0.01787723 0.01773056 0.01773056 0.01773056 0.01728297 0.01728297
 0.01728297]

ARD Regret Deviation_std_err
 [3.79003059e-05 3.64750991e-05 3.33051533e-04 2.30615775e-05
 2.30615775e-05 2.30615775e-05 1.65851732e-04 1.65851732e-04
 1.65851732e-04 1.65851732e-04 2.35999392e-04 2.35999392e-04
 2.35999392e-04 2.35999392e-04 2.35999392e-04 2.35999392e-04
 2.35999392e-04 2.35999392e-04 1.42979573e-04 1.42979573e-04
 1.42979573e-04 1.42979573e-04 1.42979573e-04 1.42979573e-04
 1.42979573e-04 1.42979573e-04 1.42979573e-04 1.42979573e-04
 1.42979573e-04 1.42979573e-04 1.42979573e-04 1.42979573e-04
 1.42979573e-04 1.42979573e-04 1.42979573e-04 1.42979573e-04
 1.28350691e-04 1.28350691e-04 1.28350691e-04 1.28350691e-04
 1.28350691e-04 1.28350691e-04 1.28350691e-04 1.28350691e-04
 1.28350691e-04 1.28350691e-04 1.28350691e-04 1.28350691e-04
 1.28350691e-04 1.28350691e-04 1.28350691e-04 1.28350691e-04
 1.28350691e-04 1.28350691e-04 1.28350691e-04 1.28350691e-04
 1.28350691e-04 1.28350691e-04 1.28350691e-04 1.28350691e-04
 1.28350691e-04 1.46269192e-04 1.46269192e-04 1.46269192e-04
 2.00951044e-04 2.00951044e-04 2.00951044e-04]


Total EI FIX Regret
 [[0.03181864 0.03179531 0.02574589 0.02574589 0.02574589 0.02574589
  0.02574589 0.02574589 0.02574589 0.02574589 0.01859183 0.01859183
  0.01859183 0.01859183 0.01859183 0.01859183 0.01859183 0.01859183
  0.01859183 0.01859183 0.01859183 0.01859183 0.01808585 0.01808585
  0.01808585 0.01808585 0.01808585 0.01808585 0.01808585 0.01808585
  0.01808585 0.01808585 0.01808585 0.01808585 0.01808585 0.01808585
  0.01808585 0.01808585 0.01808585 0.01808585 0.01808585 0.01808585
  0.01808585 0.01808585 0.01808585 0.01808585 0.01808585 0.01808585
  0.01808585 0.01808585 0.01808585 0.01808585 0.01808585 0.01808585
  0.01808585 0.01808585 0.01808585 0.01808585 0.01808585 0.01808585
  0.01808585 0.01808585 0.01808585 0.01808585 0.01808585 0.01808585
  0.01808585]
 [0.03119818 0.03119818 0.03119818 0.02536836 0.02536836 0.02536836
  0.02303078 0.02303078 0.02303078 0.02303078 0.02303078 0.02303078
  0.02204023 0.02204023 0.02204023 0.02204023 0.02204023 0.02204023
  0.02204023 0.02204023 0.02204023 0.02204023 0.02204023 0.02204023
  0.02204023 0.02204023 0.02204023 0.02204023 0.02204023 0.02204023
  0.02204023 0.02204023 0.02204023 0.02204023 0.02204023 0.02204023
  0.02204023 0.02204023 0.02204023 0.02204023 0.02204023 0.02204023
  0.02204023 0.02204023 0.02204023 0.02204023 0.02204023 0.02204023
  0.02204023 0.02204023 0.02204023 0.02204023 0.02204023 0.02204023
  0.02204023 0.02204023 0.02204023 0.02204023 0.02204023 0.02204023
  0.02204023 0.02204023 0.02204023 0.02204023 0.02204023 0.02204023
  0.02204023]]

FIX Regret Mean [0.03150841 0.03149674 0.02847204 0.02555713 0.02555713 0.02555713
 0.02438834 0.02438834 0.02438834 0.02438834 0.02081131 0.02081131
 0.02031603 0.02031603 0.02031603 0.02031603 0.02031603 0.02031603
 0.02031603 0.02031603 0.02031603 0.02031603 0.02006304 0.02006304
 0.02006304 0.02006304 0.02006304 0.02006304 0.02006304 0.02006304
 0.02006304 0.02006304 0.02006304 0.02006304 0.02006304 0.02006304
 0.02006304 0.02006304 0.02006304 0.02006304 0.02006304 0.02006304
 0.02006304 0.02006304 0.02006304 0.02006304 0.02006304 0.02006304
 0.02006304 0.02006304 0.02006304 0.02006304 0.02006304 0.02006304
 0.02006304 0.02006304 0.02006304 0.02006304 0.02006304 0.02006304
 0.02006304 0.02006304 0.02006304 0.02006304 0.02006304 0.02006304
 0.02006304]

FIX Regret Deviation_std_error
 [3.79003059e-05 3.64750991e-05 3.33051533e-04 2.30615775e-05
 2.30615775e-05 2.30615775e-05 1.65851732e-04 1.65851732e-04
 1.65851732e-04 1.65851732e-04 2.71152213e-04 2.71152213e-04
 2.10644481e-04 2.10644481e-04 2.10644481e-04 2.10644481e-04
 2.10644481e-04 2.10644481e-04 2.10644481e-04 2.10644481e-04
 2.10644481e-04 2.10644481e-04 2.41552105e-04 2.41552105e-04
 2.41552105e-04 2.41552105e-04 2.41552105e-04 2.41552105e-04
 2.41552105e-04 2.41552105e-04 2.41552105e-04 2.41552105e-04
 2.41552105e-04 2.41552105e-04 2.41552105e-04 2.41552105e-04
 2.41552105e-04 2.41552105e-04 2.41552105e-04 2.41552105e-04
 2.41552105e-04 2.41552105e-04 2.41552105e-04 2.41552105e-04
 2.41552105e-04 2.41552105e-04 2.41552105e-04 2.41552105e-04
 2.41552105e-04 2.41552105e-04 2.41552105e-04 2.41552105e-04
 2.41552105e-04 2.41552105e-04 2.41552105e-04 2.41552105e-04
 2.41552105e-04 2.41552105e-04 2.41552105e-04 2.41552105e-04
 2.41552105e-04 2.41552105e-04 2.41552105e-04 2.41552105e-04
 2.41552105e-04 2.41552105e-04 2.41552105e-04]
