

Adding observed sample  1
[[0.        ]
 [0.11111111]
 [0.22222222]
 [0.33333333]
 [0.44444444]
 [0.55555556]
 [0.66666667]
 [0.77777778]
 [0.88888889]
 [1.        ]]
[[0.        ]
 [0.11111111]
 [0.22222222]
 [0.33333333]
 [0.44444444]] [[0.41825574]
 [0.39716838]
 [0.54408214]
 [0.29707214]
 [0.33432075]] 0


Adding observed sample  2
[[0.        ]
 [0.11111111]
 [0.22222222]
 [0.33333333]
 [0.44444444]
 [0.55555556]
 [0.66666667]
 [0.77777778]
 [0.88888889]
 [1.        ]]
[[0.        ]
 [0.11111111]
 [0.22222222]
 [0.33333333]
 [0.44444444]
 [0.55555556]] [[0.41825574]
 [0.39716838]
 [0.54408214]
 [0.29707214]
 [0.33432075]
 [0.40473086]] 1


Adding observed sample  3
[[0.        ]
 [0.11111111]
 [0.22222222]
 [0.33333333]
 [0.44444444]
 [0.55555556]
 [0.66666667]
 [0.77777778]
 [0.88888889]
 [1.        ]]
[[0.        ]
 [0.11111111]
 [0.22222222]
 [0.33333333]
 [0.44444444]
 [0.55555556]
 [0.66666667]] [[0.41825574]
 [0.39716838]
 [0.54408214]
 [0.29707214]
 [0.33432075]
 [0.40473086]
 [0.39141345]] 2
[]

End time:  175052_23012020
