VAR Regret Mean [0.04000748 0.03470642 0.03470642 0.03405708 0.03405708 0.03405708
 0.03405708 0.02565223 0.02565223 0.02565223 0.02482335 0.02312046
 0.02312046 0.02312046 0.02312046 0.02312046 0.02312046 0.02312046
 0.02312046 0.019445   0.019445   0.019445   0.019445   0.019445
 0.0144813  0.0144813  0.0144813  0.0144813  0.0144813  0.0144813
 0.0144813  0.0144813  0.0144813  0.0144813  0.0144813  0.0144813
 0.0144813  0.0144813  0.0144813  0.0144813  0.0144813  0.0144813
 0.0144813  0.0144813  0.0144813  0.0144813  0.0144813  0.0144813
 0.0144813  0.0144813  0.0144813  0.0144813 ] 

VAR Regret Deviation_std_error
 [6.49640417e-04 8.54848572e-05 8.54848572e-05 4.56153660e-06
 4.56153660e-06 4.56153660e-06 4.56153660e-06 1.16098183e-03
 1.16098183e-03 1.16098183e-03 1.04603709e-03 8.09888926e-04
 8.09888926e-04 8.09888926e-04 8.09888926e-04 8.09888926e-04
 8.09888926e-04 8.09888926e-04 8.09888926e-04 3.00194265e-04
 3.00194265e-04 3.00194265e-04 3.00194265e-04 3.00194265e-04
 3.88147105e-04 3.88147105e-04 3.88147105e-04 3.88147105e-04
 3.88147105e-04 3.88147105e-04 3.88147105e-04 3.88147105e-04
 3.88147105e-04 3.88147105e-04 3.88147105e-04 3.88147105e-04
 3.88147105e-04 3.88147105e-04 3.88147105e-04 3.88147105e-04
 3.88147105e-04 3.88147105e-04 3.88147105e-04 3.88147105e-04
 3.88147105e-04 3.88147105e-04 3.88147105e-04 3.88147105e-04
 3.88147105e-04 3.88147105e-04 3.88147105e-04 3.88147105e-04]


Multi Regret Mean [0.04000748 0.03470642 0.03470642 0.03405708 0.03405708 0.03405708
 0.03405708 0.02634716 0.02634716 0.02554596 0.02554596 0.02554596
 0.02554596 0.02412477 0.02412477 0.02412477 0.02412477 0.02388139
 0.02388139 0.02388139 0.02388139 0.02388139 0.02388139 0.02388139
 0.02388139 0.02048197 0.02048197 0.02048197 0.02048197 0.02048197
 0.02048197 0.02048197 0.02048197 0.02048197 0.02048197 0.02048197
 0.02048197 0.02048197 0.02048197 0.02048197 0.02048197 0.02048197
 0.02048197 0.02048197 0.02048197 0.02048197 0.02048197 0.02048197
 0.02048197 0.02048197 0.02048197 0.02048197] 

Multi Regret Deviation_std_error
 [6.49640417e-04 8.54848572e-05 8.54848572e-05 4.56153660e-06
 4.56153660e-06 4.56153660e-06 4.56153660e-06 6.87757292e-04
 6.87757292e-04 5.76650771e-04 5.76650771e-04 5.76650771e-04
 5.76650771e-04 3.79567499e-04 3.79567499e-04 3.79567499e-04
 3.79567499e-04 3.45815855e-04 3.45815855e-04 3.45815855e-04
 3.45815855e-04 3.45815855e-04 3.45815855e-04 3.45815855e-04
 3.45815855e-04 1.25598881e-04 1.25598881e-04 1.25598881e-04
 1.25598881e-04 1.25598881e-04 1.25598881e-04 1.25598881e-04
 1.25598881e-04 1.25598881e-04 1.25598881e-04 1.25598881e-04
 1.25598881e-04 1.25598881e-04 1.25598881e-04 1.25598881e-04
 1.25598881e-04 1.25598881e-04 1.25598881e-04 1.25598881e-04
 1.25598881e-04 1.25598881e-04 1.25598881e-04 1.25598881e-04
 1.25598881e-04 1.25598881e-04 1.25598881e-04 1.25598881e-04]

ARD Regret Mean [0.04000748 0.03470642 0.03470642 0.03405708 0.03405708 0.03405708
 0.03405708 0.02934726 0.02934726 0.02880584 0.02880584 0.02880584
 0.02880584 0.02880584 0.02880584 0.02880584 0.02880584 0.02880584
 0.02880584 0.02880584 0.02880584 0.02880584 0.02880584 0.02880584
 0.02880584 0.02880584 0.02880584 0.02880584 0.02758411 0.02758411
 0.02758411 0.02758411 0.02758411 0.02758411 0.02758411 0.02758411
 0.02758411 0.02758411 0.02758411 0.02758411 0.02758411 0.02758411
 0.02758411 0.02758411 0.02758411 0.02758411 0.02758411 0.02758411
 0.02758411 0.02758411 0.02758411 0.02758411] 

ARD Regret Deviation_std_error
 [6.49640417e-04 8.54848572e-05 8.54848572e-05 4.56153660e-06
 4.56153660e-06 4.56153660e-06 4.56153660e-06 1.50645483e-04
 1.50645483e-04 7.55638136e-05 7.55638136e-05 7.55638136e-05
 7.55638136e-05 7.55638136e-05 7.55638136e-05 7.55638136e-05
 7.55638136e-05 7.55638136e-05 7.55638136e-05 7.55638136e-05
 7.55638136e-05 7.55638136e-05 7.55638136e-05 7.55638136e-05
 7.55638136e-05 7.55638136e-05 7.55638136e-05 7.55638136e-05
 2.44987143e-04 2.44987143e-04 2.44987143e-04 2.44987143e-04
 2.44987143e-04 2.44987143e-04 2.44987143e-04 2.44987143e-04
 2.44987143e-04 2.44987143e-04 2.44987143e-04 2.44987143e-04
 2.44987143e-04 2.44987143e-04 2.44987143e-04 2.44987143e-04
 2.44987143e-04 2.44987143e-04 2.44987143e-04 2.44987143e-04
 2.44987143e-04 2.44987143e-04 2.44987143e-04 2.44987143e-04]

FIX Regret Mean [0.04000748 0.03470642 0.03470642 0.03405708 0.03405708 0.03405708
 0.03405708 0.03267803 0.03034764 0.03034764 0.03034764 0.03034764
 0.03034764 0.03034764 0.03034764 0.03034764 0.03034764 0.03034764
 0.02433653 0.02433653 0.02433653 0.02433653 0.02433653 0.02433653
 0.02433653 0.02433653 0.02433653 0.02433653 0.02433653 0.02433653
 0.02433653 0.0234796  0.0234796  0.0234796  0.0234796  0.0234796
 0.0234796  0.0234796  0.0234796  0.0234796  0.0234796  0.0234796
 0.0234796  0.0234796  0.02346825 0.02346825 0.02091217 0.02091217
 0.02091217 0.02091217 0.02091217 0.02091217] 

FIX Regret Deviation_std_error
 [6.49640417e-04 8.54848572e-05 8.54848572e-05 4.56153660e-06
 4.56153660e-06 4.56153660e-06 4.56153660e-06 1.86678792e-04
 1.36487226e-04 1.36487226e-04 1.36487226e-04 1.36487226e-04
 1.36487226e-04 1.36487226e-04 1.36487226e-04 1.36487226e-04
 1.36487226e-04 1.36487226e-04 6.92845682e-04 6.92845682e-04
 6.92845682e-04 6.92845682e-04 6.92845682e-04 6.92845682e-04
 6.92845682e-04 6.92845682e-04 6.92845682e-04 6.92845682e-04
 6.92845682e-04 6.92845682e-04 6.92845682e-04 5.74010979e-04
 5.74010979e-04 5.74010979e-04 5.74010979e-04 5.74010979e-04
 5.74010979e-04 5.74010979e-04 5.74010979e-04 5.74010979e-04
 5.74010979e-04 5.74010979e-04 5.74010979e-04 5.74010979e-04
 5.72436131e-04 5.72436131e-04 2.17971776e-04 2.17971776e-04
 2.17971776e-04 2.17971776e-04 2.17971776e-04 2.17971776e-04]
