Total EI VAR Regret
 [[8.20182160e-01 8.20182160e-01 8.20182160e-01 8.20182160e-01
  4.96393145e-01 4.00266506e-01 2.28143697e-01 2.28143697e-01
  8.32780851e-02 8.32780851e-02 8.32780851e-02 8.32780851e-02
  1.42455555e-02 1.42455555e-02 1.42455555e-02 1.42455555e-02
  1.42455555e-02 1.42455555e-02 1.42455555e-02 1.42455555e-02
  1.40104398e-03 1.40104398e-03 1.40104398e-03 1.40104398e-03
  1.40104398e-03 1.40104398e-03 1.40104398e-03 1.40104398e-03
  1.40104398e-03 1.40104398e-03 1.40104398e-03 1.40104398e-03
  1.40104398e-03]
 [9.00582015e-01 7.90936962e-01 4.24536194e-01 4.24536194e-01
  4.24536194e-01 4.24536194e-01 4.09388004e-01 3.45896879e-01
  4.23808128e-02 2.07730458e-02 2.07730458e-02 2.07730458e-02
  2.07730458e-02 3.55482828e-03 3.55482828e-03 3.55482828e-03
  3.55482828e-03 3.55482828e-03 3.55482828e-03 3.55482828e-03
  3.55482828e-03 3.55482828e-03 3.55482828e-03 3.55482828e-03
  3.55482828e-03 3.55482828e-03 3.55482828e-03 3.55482828e-03
  1.18039348e-05 1.18039348e-05 1.18039348e-05 1.18039348e-05
  1.18039348e-05]]

VAR Regret Mean [8.60382087e-01 8.05559561e-01 6.22359177e-01 6.22359177e-01
 4.60464670e-01 4.12401350e-01 3.18765851e-01 2.87020288e-01
 6.28294490e-02 5.20255654e-02 5.20255654e-02 5.20255654e-02
 1.75093006e-02 8.90019188e-03 8.90019188e-03 8.90019188e-03
 8.90019188e-03 8.90019188e-03 8.90019188e-03 8.90019188e-03
 2.47793613e-03 2.47793613e-03 2.47793613e-03 2.47793613e-03
 2.47793613e-03 2.47793613e-03 2.47793613e-03 2.47793613e-03
 7.06423957e-04 7.06423957e-04 7.06423957e-04 7.06423957e-04
 7.06423957e-04]

VAR Regret Deviation_Std_error
 [0.00699791 0.00254547 0.03443656 0.03443656 0.00625434 0.00211241
 0.01577529 0.0102491  0.00355965 0.00544037 0.00544037 0.00544037
 0.00056815 0.00093051 0.00093051 0.00093051 0.00093051 0.00093051
 0.00093051 0.00093051 0.00018746 0.00018746 0.00018746 0.00018746
 0.00018746 0.00018746 0.00018746 0.00018746 0.00012092 0.00012092
 0.00012092 0.00012092 0.00012092]


Total EI FIX Regret
 [[0.82018216 0.82018216 0.82018216 0.82018216 0.64496181 0.60424273
  0.60424273 0.5130356  0.5130356  0.5130356  0.5042183  0.5042183
  0.5042183  0.5042183  0.5042183  0.5042183  0.5042183  0.5042183
  0.50321794 0.50321794 0.49997168 0.49242778 0.48372038 0.46357575
  0.46357575 0.46357575 0.46357575 0.46357575 0.46357575 0.46357575
  0.45187671 0.45187671 0.45187671]
 [0.90058201 0.79093696 0.42453619 0.42453619 0.23973764 0.23973764
  0.2187803  0.2187803  0.2187803  0.2187803  0.2187803  0.2187803
  0.15230783 0.09163631 0.07260355 0.07260355 0.07260355 0.06392086
  0.06392086 0.06392086 0.02667225 0.02667225 0.02667225 0.02667225
  0.02667225 0.02667225 0.02667225 0.02667225 0.00384192 0.00384192
  0.00384192 0.00384192 0.00384192]]

Multi Regret Mean [0.86038209 0.80555956 0.62235918 0.62235918 0.44234973 0.42199018
 0.41151152 0.36590795 0.36590795 0.36590795 0.3614993  0.3614993
 0.32826307 0.29792731 0.28841093 0.28841093 0.28841093 0.28406958
 0.2835694  0.2835694  0.26332197 0.25955002 0.25519632 0.245124
 0.245124   0.245124   0.245124   0.245124   0.23370884 0.23370884
 0.22785932 0.22785932 0.22785932]

Multi Regret Deviation_std_error
 [0.00699791 0.00254547 0.03443656 0.03443656 0.03527024 0.0317261
 0.0335502  0.02561164 0.02561164 0.02561164 0.02484419 0.02484419
 0.03062987 0.03591065 0.03756724 0.03756724 0.03756724 0.03832297
 0.0382359  0.0382359  0.04119543 0.04053882 0.03978093 0.03802757
 0.03802757 0.03802757 0.03802757 0.03802757 0.04001469 0.04001469
 0.03899642 0.03899642 0.03899642]


Total EI ARD Regret
 [[0.82018216 0.82018216 0.82018216 0.82018216 0.50009833 0.50009833
  0.50009833 0.07411206 0.07411206 0.07411206 0.07411206 0.07411206
  0.07411206 0.07411206 0.07411206 0.07411206 0.07411206 0.07411206
  0.07411206 0.07411206 0.07411206 0.07411206 0.07411206 0.07411206
  0.07411206 0.07411206 0.07411206 0.07411206 0.07411206 0.07411206
  0.07411206 0.07411206 0.07411206]
 [0.90058201 0.79093696 0.42453619 0.4001411  0.4001411  0.4001411
  0.4001411  0.30525938 0.30525938 0.30525938 0.30525938 0.30525938
  0.30525938 0.30525938 0.30525938 0.13916768 0.13916768 0.13916768
  0.13916768 0.13916768 0.13916768 0.13916768 0.13916768 0.13916768
  0.13916768 0.13916768 0.13916768 0.13916768 0.13916768 0.13916768
  0.13916768 0.13916768 0.13916768]]

ARD Regret Mean [0.86038209 0.80555956 0.62235918 0.61016163 0.45011972 0.45011972
 0.45011972 0.18968572 0.18968572 0.18968572 0.18968572 0.18968572
 0.18968572 0.18968572 0.18968572 0.10663987 0.10663987 0.10663987
 0.10663987 0.10663987 0.10663987 0.10663987 0.10663987 0.10663987
 0.10663987 0.10663987 0.10663987 0.10663987 0.10663987 0.10663987
 0.10663987 0.10663987 0.10663987]

ARD Regret Deviation_std_error
 [0.00699791 0.00254547 0.03443656 0.03655988 0.00870016 0.00870016
 0.00870016 0.02011879 0.02011879 0.02011879 0.02011879 0.02011879
 0.02011879 0.02011879 0.02011879 0.00566236 0.00566236 0.00566236
 0.00566236 0.00566236 0.00566236 0.00566236 0.00566236 0.00566236
 0.00566236 0.00566236 0.00566236 0.00566236 0.00566236 0.00566236
 0.00566236 0.00566236 0.00566236]


Total EI FIX Regret
 [[0.82018216 0.82018216 0.82018216 0.82018216 0.82018216 0.82018216
  0.82018216 0.82018216 0.82018216 0.82018216 0.67642984 0.67642984
  0.67642984 0.67642984 0.64500936 0.09526734 0.09526734 0.09526734
  0.09526734 0.09526734 0.09526734 0.09526734 0.09526734 0.09526734
  0.09526734 0.09526734 0.09526734 0.09526734 0.09526734 0.09526734
  0.09526734 0.09526734 0.09526734]
 [0.90058201 0.79093696 0.42453619 0.4026879  0.4026879  0.4026879
  0.4026879  0.4026879  0.4026879  0.4026879  0.4026879  0.4026879
  0.4026879  0.4026879  0.4026879  0.4026879  0.4026879  0.4026879
  0.4026879  0.4026879  0.4026879  0.4026879  0.4026879  0.4026879
  0.4026879  0.4026879  0.4026879  0.4026879  0.4026879  0.4026879
  0.16292923 0.16292923 0.16292923]]

FIX Regret Mean [0.86038209 0.80555956 0.62235918 0.61143503 0.61143503 0.61143503
 0.61143503 0.61143503 0.61143503 0.61143503 0.53955887 0.53955887
 0.53955887 0.53955887 0.52384863 0.24897762 0.24897762 0.24897762
 0.24897762 0.24897762 0.24897762 0.24897762 0.24897762 0.24897762
 0.24897762 0.24897762 0.24897762 0.24897762 0.24897762 0.24897762
 0.12909828 0.12909828 0.12909828]

FIX Regret Deviation_std_error
 [0.00699791 0.00254547 0.03443656 0.03633821 0.03633821 0.03633821
 0.03633821 0.03633821 0.03633821 0.03633821 0.02382618 0.02382618
 0.02382618 0.02382618 0.02109138 0.02675753 0.02675753 0.02675753
 0.02675753 0.02675753 0.02675753 0.02675753 0.02675753 0.02675753
 0.02675753 0.02675753 0.02675753 0.02675753 0.02675753 0.02675753
 0.00588921 0.00588921 0.00588921]
