

Parameters
True Func svm 	Dim: 2 	obs_samp: 3 	iter: 20 	kernel_types: ['fix_l', 'ard', 'var_l', 'm_ker'] 	lenscale_fun_types: ['gaussian', 'gaussian'] 	seed: 300 
Runs: 3 	Acq_re: 100 	likeli_re: 100 	Bounds: [[0.001, 1000.0], [1e-05, 1.0]] 	l_params: [[0.1 0.3]
 [0.1 0.3]] 
l_param_bds: [[[0.1, 0.3], [0.6, 1]], [[0.6, 0.9], [0.6, 1]]] 	ard_len_scale_bds: [[0.01, 1], [0.01, 1]] 
xmax: [1000.    0.] 	xmin: [1.e-03 1.e-05] 	ymax: 1 	ymin: 0 	eps1: 0.001 	eps2: 0.001 	fixed_l: [0.1, 0.1] 	Sig_var: 1 	Sig_var_bds: [0.1, 1] 
Test_points: 100 	len_weights:  [1, 1, 1, 1] 	multi_len_scales [0.7, 0.4, 0.3, 0.1] 	p:-(1),+1.1 



###################################################################

Generating results Start time:  172815_14072019
Working with WDBC Data
Regret for initial points:  [0.6403508771929824, 0.6403508771929824, 0.6403508771929824]
L Recaluated with new data
Testing with fixed Kernel in Run:  1
************  Run: 1     ACQ:EI    ***************


Initial Values for this run
---X---
 [[ 5.62274862e-01 -2.62647179e+04]
 [ 6.31573955e-01 -1.81402226e+03]
 [ 9.59707944e-02 -2.09371291e+04]]
---y---
 [0.64035088 0.64035088 0.64035088] 


[[1.00000000e-03 1.00000000e-05]
 [1.01020000e+01 1.01109091e-02]
 [2.02030000e+01 2.02118182e-02]
 [3.03040000e+01 3.03127273e-02]
 [4.04050000e+01 4.04136364e-02]
 [5.05060000e+01 5.05145455e-02]
 [6.06070000e+01 6.06154545e-02]
 [7.07080000e+01 7.07163636e-02]
 [8.08090000e+01 8.08172727e-02]
 [9.09100000e+01 9.09181818e-02]
 [1.01011000e+02 1.01019091e-01]
 [1.11112000e+02 1.11120000e-01]
 [1.21213000e+02 1.21220909e-01]
 [1.31314000e+02 1.31321818e-01]
 [1.41415000e+02 1.41422727e-01]
 [1.51516000e+02 1.51523636e-01]
 [1.61617000e+02 1.61624545e-01]
 [1.71718000e+02 1.71725455e-01]
 [1.81819000e+02 1.81826364e-01]
 [1.91920000e+02 1.91927273e-01]
 [2.02021000e+02 2.02028182e-01]
 [2.12122000e+02 2.12129091e-01]
 [2.22223000e+02 2.22230000e-01]
 [2.32324000e+02 2.32330909e-01]
 [2.42425000e+02 2.42431818e-01]
 [2.52526000e+02 2.52532727e-01]
 [2.62627000e+02 2.62633636e-01]
 [2.72728000e+02 2.72734545e-01]
 [2.82829000e+02 2.82835455e-01]
 [2.92930000e+02 2.92936364e-01]
 [3.03031000e+02 3.03037273e-01]
 [3.13132000e+02 3.13138182e-01]
 [3.23233000e+02 3.23239091e-01]
 [3.33334000e+02 3.33340000e-01]
 [3.43435000e+02 3.43440909e-01]
 [3.53536000e+02 3.53541818e-01]
 [3.63637000e+02 3.63642727e-01]
 [3.73738000e+02 3.73743636e-01]
 [3.83839000e+02 3.83844545e-01]
 [3.93940000e+02 3.93945455e-01]
 [4.04041000e+02 4.04046364e-01]
 [4.14142000e+02 4.14147273e-01]
 [4.24243000e+02 4.24248182e-01]
 [4.34344000e+02 4.34349091e-01]
 [4.44445000e+02 4.44450000e-01]
 [4.54546000e+02 4.54550909e-01]
 [4.64647000e+02 4.64651818e-01]
 [4.74748000e+02 4.74752727e-01]
 [4.84849000e+02 4.84853636e-01]
 [4.94950000e+02 4.94954545e-01]
 [5.05051000e+02 5.05055455e-01]
 [5.15152000e+02 5.15156364e-01]
 [5.25253000e+02 5.25257273e-01]
 [5.35354000e+02 5.35358182e-01]
 [5.45455000e+02 5.45459091e-01]
 [5.55556000e+02 5.55560000e-01]
 [5.65657000e+02 5.65660909e-01]
 [5.75758000e+02 5.75761818e-01]
 [5.85859000e+02 5.85862727e-01]
 [5.95960000e+02 5.95963636e-01]
 [6.06061000e+02 6.06064545e-01]
 [6.16162000e+02 6.16165455e-01]
 [6.26263000e+02 6.26266364e-01]
 [6.36364000e+02 6.36367273e-01]
 [6.46465000e+02 6.46468182e-01]
 [6.56566000e+02 6.56569091e-01]
 [6.66667000e+02 6.66670000e-01]
 [6.76768000e+02 6.76770909e-01]
 [6.86869000e+02 6.86871818e-01]
 [6.96970000e+02 6.96972727e-01]
 [7.07071000e+02 7.07073636e-01]
 [7.17172000e+02 7.17174545e-01]
 [7.27273000e+02 7.27275455e-01]
 [7.37374000e+02 7.37376364e-01]
 [7.47475000e+02 7.47477273e-01]
 [7.57576000e+02 7.57578182e-01]
 [7.67677000e+02 7.67679091e-01]
 [7.77778000e+02 7.77780000e-01]
 [7.87879000e+02 7.87880909e-01]
 [7.97980000e+02 7.97981818e-01]
 [8.08081000e+02 8.08082727e-01]
 [8.18182000e+02 8.18183636e-01]
 [8.28283000e+02 8.28284545e-01]
 [8.38384000e+02 8.38385455e-01]
 [8.48485000e+02 8.48486364e-01]
 [8.58586000e+02 8.58587273e-01]
 [8.68687000e+02 8.68688182e-01]
 [8.78788000e+02 8.78789091e-01]
 [8.88889000e+02 8.88890000e-01]
 [8.98990000e+02 8.98990909e-01]
 [9.09091000e+02 9.09091818e-01]
 [9.19192000e+02 9.19192727e-01]
 [9.29293000e+02 9.29293636e-01]
 [9.39394000e+02 9.39394545e-01]
 [9.49495000e+02 9.49495455e-01]
 [9.59596000e+02 9.59596364e-01]
 [9.69697000e+02 9.69697273e-01]
 [9.79798000e+02 9.79798182e-01]
 [9.89899000e+02 9.89899091e-01]
 [1.00000000e+03 1.00000000e+00]]
