

Parameters
True Func svm 	Dim: 2 	obs_samp: 3 	iter: 20 	kernel_types: ['fix_l', 'ard', 'var_l', 'm_ker'] 	lenscale_fun_types: ['gaussian', 'gaussian'] 	seed: 300 
Runs: 3 	Acq_re: 100 	likeli_re: 100 	Bounds: [[-3, 3], [-5, 0]] 	l_params: [[0.1 0.3]
 [0.1 0.3]] 
l_param_bds: [[[0.1, 0.3], [0.6, 1]], [[0.6, 0.9], [0.6, 1]]] 	ard_len_scale_bds: [[0.01, 1], [0.01, 1]] 
xmax: [3 0] 	xmin: [-3 -5] 	ymax: 1 	ymin: 0 	eps1: 0.001 	eps2: 0.001 	fixed_l: [0.1, 0.1] 	Sig_var: 1 	Sig_var_bds: [0.1, 1] 
Test_points: 100 	len_weights:  [1, 1, 1, 1] 	multi_len_scales [0.7, 0.4, 0.3, 0.1] 	p:-(1),+1.1 



###################################################################

Generating results Start time:  173035_14072019
Working with WDBC Data
c,g being queried is  2.3640092530625307 0.0002057069793105541
c,g being queried is  6.158057377203915 1.2322590600934032e-05
c,g being queried is  0.0037655183357415633 0.00011139531471095914
Regret for initial points:  [0.9385964912280702, 0.9385964912280702, 0.9385964912280702]
L Recaluated with new data
Testing with fixed Kernel in Run:  1
************  Run: 1     ACQ:EI    ***************


Initial Values for this run
---X---
 [[0.56227486 0.26264981]
 [0.63157396 0.0181404 ]
 [0.09597079 0.20937338]]
---y---
 [0.93859649 0.9122807  0.64035088] 


[[-3.         -5.        ]
 [-2.93939394 -4.94949495]
 [-2.87878788 -4.8989899 ]
 [-2.81818182 -4.84848485]
 [-2.75757576 -4.7979798 ]
 [-2.6969697  -4.74747475]
 [-2.63636364 -4.6969697 ]
 [-2.57575758 -4.64646465]
 [-2.51515152 -4.5959596 ]
 [-2.45454545 -4.54545455]
 [-2.39393939 -4.49494949]
 [-2.33333333 -4.44444444]
 [-2.27272727 -4.39393939]
 [-2.21212121 -4.34343434]
 [-2.15151515 -4.29292929]
 [-2.09090909 -4.24242424]
 [-2.03030303 -4.19191919]
 [-1.96969697 -4.14141414]
 [-1.90909091 -4.09090909]
 [-1.84848485 -4.04040404]
 [-1.78787879 -3.98989899]
 [-1.72727273 -3.93939394]
 [-1.66666667 -3.88888889]
 [-1.60606061 -3.83838384]
 [-1.54545455 -3.78787879]
 [-1.48484848 -3.73737374]
 [-1.42424242 -3.68686869]
 [-1.36363636 -3.63636364]
 [-1.3030303  -3.58585859]
 [-1.24242424 -3.53535354]
 [-1.18181818 -3.48484848]
 [-1.12121212 -3.43434343]
 [-1.06060606 -3.38383838]
 [-1.         -3.33333333]
 [-0.93939394 -3.28282828]
 [-0.87878788 -3.23232323]
 [-0.81818182 -3.18181818]
 [-0.75757576 -3.13131313]
 [-0.6969697  -3.08080808]
 [-0.63636364 -3.03030303]
 [-0.57575758 -2.97979798]
 [-0.51515152 -2.92929293]
 [-0.45454545 -2.87878788]
 [-0.39393939 -2.82828283]
 [-0.33333333 -2.77777778]
 [-0.27272727 -2.72727273]
 [-0.21212121 -2.67676768]
 [-0.15151515 -2.62626263]
 [-0.09090909 -2.57575758]
 [-0.03030303 -2.52525253]
 [ 0.03030303 -2.47474747]
 [ 0.09090909 -2.42424242]
 [ 0.15151515 -2.37373737]
 [ 0.21212121 -2.32323232]
 [ 0.27272727 -2.27272727]
 [ 0.33333333 -2.22222222]
 [ 0.39393939 -2.17171717]
 [ 0.45454545 -2.12121212]
 [ 0.51515152 -2.07070707]
 [ 0.57575758 -2.02020202]
 [ 0.63636364 -1.96969697]
 [ 0.6969697  -1.91919192]
 [ 0.75757576 -1.86868687]
 [ 0.81818182 -1.81818182]
 [ 0.87878788 -1.76767677]
 [ 0.93939394 -1.71717172]
 [ 1.         -1.66666667]
 [ 1.06060606 -1.61616162]
 [ 1.12121212 -1.56565657]
 [ 1.18181818 -1.51515152]
 [ 1.24242424 -1.46464646]
 [ 1.3030303  -1.41414141]
 [ 1.36363636 -1.36363636]
 [ 1.42424242 -1.31313131]
 [ 1.48484848 -1.26262626]
 [ 1.54545455 -1.21212121]
 [ 1.60606061 -1.16161616]
 [ 1.66666667 -1.11111111]
 [ 1.72727273 -1.06060606]
 [ 1.78787879 -1.01010101]
 [ 1.84848485 -0.95959596]
 [ 1.90909091 -0.90909091]
 [ 1.96969697 -0.85858586]
 [ 2.03030303 -0.80808081]
 [ 2.09090909 -0.75757576]
 [ 2.15151515 -0.70707071]
 [ 2.21212121 -0.65656566]
 [ 2.27272727 -0.60606061]
 [ 2.33333333 -0.55555556]
 [ 2.39393939 -0.50505051]
 [ 2.45454545 -0.45454545]
 [ 2.51515152 -0.4040404 ]
 [ 2.57575758 -0.35353535]
 [ 2.63636364 -0.3030303 ]
 [ 2.6969697  -0.25252525]
 [ 2.75757576 -0.2020202 ]
 [ 2.81818182 -0.15151515]
 [ 2.87878788 -0.1010101 ]
 [ 2.93939394 -0.05050505]
 [ 3.          0.        ]]
