FIX Regret Mean [0.46705882 0.61647059 0.62117647 0.64588235 0.65882353 0.68235294
 0.69058824 0.69411765 0.70117647 0.70470588 0.70470588 0.70470588
 0.70470588 0.70470588 0.70470588 0.70470588 0.70470588 0.70941176
 0.70941176 0.71176471 0.71176471 0.71176471 0.71176471]

FIX Regret Deviation_std_error
 [0.03012036 0.01424917 0.01271365 0.00826083 0.00993434 0.00514569
 0.00296411 0.00372033 0.00341679 0.00434692 0.00434692 0.00434692
 0.00434692 0.00434692 0.00434692 0.00434692 0.00434692 0.00352088
 0.00352088 0.00380034 0.00380034 0.00380034 0.00380034]


ARD Regret Mean [0.46705882 0.61647059 0.62117647 0.65529412 0.65529412 0.67294118
 0.67882353 0.68705882 0.69529412 0.69529412 0.7        0.7
 0.70117647 0.70117647 0.70117647 0.70117647 0.70117647 0.70117647
 0.70235294 0.70235294 0.70235294 0.70235294 0.70235294]

ARD Regret Deviation_Std_error
 [0.03012036 0.01424917 0.01271365 0.01098709 0.01098709 0.0067894
 0.00623496 0.00434692 0.00632122 0.00632122 0.0053745  0.0053745
 0.00577394 0.00577394 0.00577394 0.00577394 0.00577394 0.00577394
 0.00551814 0.00551814 0.00551814 0.00551814 0.00551814]


VAR Regret Mean [0.46705882 0.61647059 0.62117647 0.66235294 0.7        0.70588235
 0.71647059 0.71647059 0.71647059 0.72117647 0.72352941 0.72352941
 0.72352941 0.72352941 0.72352941 0.72352941 0.72352941 0.72352941
 0.72470588 0.72470588 0.72588235 0.72588235 0.72588235]

VAR Regret Deviation_std_error
 [0.03012036 0.01424917 0.01271365 0.01611602 0.00927652 0.00927652
 0.00678053 0.00678053 0.00678053 0.0055724  0.00514569 0.00514569
 0.00514569 0.00514569 0.00514569 0.00514569 0.00514569 0.00514569
 0.00486929 0.00486929 0.00529554 0.00529554 0.00529554]


Multi Regret Mean [0.46705882 0.61647059 0.62117647 0.64       0.67764706 0.69529412
 0.70470588 0.70470588 0.70823529 0.70823529 0.71176471 0.71176471
 0.71294118 0.71294118 0.71647059 0.71647059 0.71647059 0.71647059
 0.71882353 0.71882353 0.71882353 0.71882353 0.71882353]

Multi Regret Deviation_std_error
 [0.03012036 0.01424917 0.01271365 0.01263769 0.00627344 0.00733476
 0.00882438 0.00882438 0.00778065 0.00778065 0.00689494 0.00689494
 0.00664607 0.00664607 0.00607857 0.00607857 0.00607857 0.00607857
 0.00603601 0.00603601 0.00603601 0.00603601 0.00603601]