


Total EI VAR Regret
 [[0.03456717 0.03456717 0.01211049 0.01211049 0.01211049 0.01211049
  0.01211049 0.01211049 0.01211049 0.00223572 0.00223572 0.00223572
  0.00223572 0.00223572 0.00223572 0.00223572 0.00223572 0.00223572
  0.00223572 0.00223572 0.00031559 0.00031559 0.00031559 0.00031559
  0.00031559 0.00031559 0.00031559 0.00031559 0.00031559 0.00031559
  0.00031559 0.00031559 0.00031559 0.00031559 0.00031559 0.00031559
  0.00031559 0.00031559 0.00031559 0.00031559 0.00031559 0.00031559
  0.00031559 0.00031559 0.00031559 0.00031559 0.00031559 0.00031559
  0.00031559]
 [0.02795106 0.01378348 0.01378348 0.01378348 0.00847498 0.00847498
  0.00847498 0.00847498 0.00374584 0.00374584 0.00374584 0.00374584
  0.00374584 0.00374584 0.00374584 0.00374584 0.00374584 0.00016009
  0.00016009 0.00016009 0.00016009 0.00016009 0.00016009 0.00016009
  0.00016009 0.00016009 0.00016009 0.00016009 0.00016009 0.00016009
  0.00016009 0.00016009 0.00016009 0.00016009 0.00016009 0.00016009
  0.00016009 0.00016009 0.00016009 0.00016009 0.00016009 0.00016009
  0.00016009 0.00016009 0.00016009 0.00016009 0.00016009 0.00016009
  0.00016009]]

VAR Regret Mean [0.03125912 0.02417532 0.01294699 0.01294699 0.01029274 0.01029274
 0.01029274 0.01029274 0.00792816 0.00299078 0.00299078 0.00299078
 0.00299078 0.00299078 0.00299078 0.00299078 0.00299078 0.00119791
 0.00119791 0.00119791 0.00023784 0.00023784 0.00023784 0.00023784
 0.00023784 0.00023784 0.00023784 0.00023784 0.00023784 0.00023784
 0.00023784 0.00023784 0.00023784 0.00023784 0.00023784 0.00023784
 0.00023784 0.00023784 0.00023784 0.00023784 0.00023784 0.00023784
 0.00023784 0.00023784 0.00023784 0.00023784 0.00023784 0.00023784
 0.00023784]

VAR Regret Deviation_std_error
 [4.72578799e-04 1.48454910e-03 1.19499142e-04 1.19499142e-04
 2.59679263e-04 2.59679263e-04 2.59679263e-04 2.59679263e-04
 5.97475421e-04 1.07865533e-04 1.07865533e-04 1.07865533e-04
 1.07865533e-04 1.07865533e-04 1.07865533e-04 1.07865533e-04
 1.07865533e-04 1.48259005e-04 1.48259005e-04 1.48259005e-04
 1.11067389e-05 1.11067389e-05 1.11067389e-05 1.11067389e-05
 1.11067389e-05 1.11067389e-05 1.11067389e-05 1.11067389e-05
 1.11067389e-05 1.11067389e-05 1.11067389e-05 1.11067389e-05
 1.11067389e-05 1.11067389e-05 1.11067389e-05 1.11067389e-05
 1.11067389e-05 1.11067389e-05 1.11067389e-05 1.11067389e-05
 1.11067389e-05 1.11067389e-05 1.11067389e-05 1.11067389e-05
 1.11067389e-05 1.11067389e-05 1.11067389e-05 1.11067389e-05
 1.11067389e-05]


Total EI FIX Regret
 [[0.03456717 0.03456717 0.01211049 0.01211049 0.01211049 0.00516956
  0.00516956 0.00429604 0.00429604 0.00429604 0.00429604 0.00429604
  0.00429604 0.00429604 0.00429604 0.00429604 0.00429604 0.00429604
  0.00429604 0.00429604 0.00429604 0.00429604 0.00429604 0.00429604
  0.00429604 0.00417525 0.00293601 0.00293601 0.00293601 0.00293601
  0.00293601 0.00293601 0.00293601 0.00288002 0.00288002 0.00126415
  0.00126415 0.00126415 0.00126415 0.00126415 0.00126415 0.00126415
  0.00126415 0.00126415 0.00126415 0.00126415 0.00126415 0.00126415
  0.00126415]
 [0.02795106 0.01378348 0.01378348 0.01378348 0.01378348 0.01021079
  0.01021079 0.01021079 0.01021079 0.00442775 0.00404184 0.00404184
  0.00404184 0.00219929 0.00193665 0.00193665 0.00115998 0.00115998
  0.00115998 0.00115998 0.00115998 0.00115998 0.00115998 0.00115998
  0.00115998 0.00115998 0.00115998 0.00115998 0.00115998 0.00115998
  0.00115998 0.00115998 0.00115998 0.00115998 0.00115998 0.00115998
  0.00115998 0.00115998 0.00115998 0.00115998 0.00115998 0.00115998
  0.00115998 0.00115998 0.00115998 0.00115998 0.00115998 0.00115998
  0.00115998]]

Multi Regret Mean [0.03125912 0.02417532 0.01294699 0.01294699 0.01294699 0.00769018
 0.00769018 0.00725342 0.00725342 0.0043619  0.00416894 0.00416894
 0.00416894 0.00324767 0.00311635 0.00311635 0.00272801 0.00272801
 0.00272801 0.00272801 0.00272801 0.00272801 0.00272801 0.00272801
 0.00272801 0.00266761 0.00204799 0.00204799 0.00204799 0.00204799
 0.00204799 0.00204799 0.00204799 0.00202    0.00202    0.00121206
 0.00121206 0.00121206 0.00121206 0.00121206 0.00121206 0.00121206
 0.00121206 0.00121206 0.00121206 0.00121206 0.00121206 0.00121206
 0.00121206]

Multi Regret Deviation_std_error
 [4.72578799e-04 1.48454910e-03 1.19499142e-04 1.19499142e-04
 1.19499142e-04 3.60088015e-04 3.60088015e-04 4.22482037e-04
 4.22482037e-04 9.40751909e-06 1.81573081e-05 1.81573081e-05
 1.81573081e-05 1.49768235e-04 1.68527904e-04 1.68527904e-04
 2.24004640e-04 2.24004640e-04 2.24004640e-04 2.24004640e-04
 2.24004640e-04 2.24004640e-04 2.24004640e-04 2.24004640e-04
 2.24004640e-04 2.15376525e-04 1.26859257e-04 1.26859257e-04
 1.26859257e-04 1.26859257e-04 1.26859257e-04 1.26859257e-04
 1.26859257e-04 1.22860213e-04 1.22860213e-04 7.44094802e-06
 7.44094802e-06 7.44094802e-06 7.44094802e-06 7.44094802e-06
 7.44094802e-06 7.44094802e-06 7.44094802e-06 7.44094802e-06
 7.44094802e-06 7.44094802e-06 7.44094802e-06 7.44094802e-06
 7.44094802e-06]


Total EI ARD Regret
 [[0.03456717 0.03456717 0.01211049 0.01211049 0.01211049 0.01211049
  0.01211049 0.01211049 0.01211049 0.01211049 0.01211049 0.01211049
  0.01211049 0.01211049 0.01211049 0.01211049 0.01211049 0.01211049
  0.01211049 0.01211049 0.01211049 0.00631314 0.00631314 0.00631314
  0.00631314 0.00631314 0.00631314 0.00631314 0.00631314 0.00631314
  0.00631314 0.00631314 0.00631314 0.00631314 0.00631314 0.00631314
  0.00631314 0.00631314 0.00631314 0.00631314 0.00631314 0.00125475
  0.00125475 0.00125475 0.00125475 0.00125475 0.00125475 0.00125475
  0.00125475]
 [0.02795106 0.01378348 0.01378348 0.01378348 0.01378348 0.01378348
  0.01378348 0.0116865  0.0116865  0.0116865  0.0116865  0.0116865
  0.0116865  0.0116865  0.0116865  0.0116865  0.0116865  0.0116865
  0.0116865  0.0116865  0.00514205 0.00514205 0.00514205 0.00514205
  0.00514205 0.00514205 0.00514205 0.00514205 0.00514205 0.00514205
  0.00514205 0.00514205 0.00514205 0.00514205 0.00514205 0.00514205
  0.00514205 0.00242498 0.00242498 0.00242498 0.00242498 0.00242498
  0.00242498 0.00242498 0.00242498 0.00242498 0.00147473 0.00147473
  0.00147473]]

ARD Regret Mean [0.03125912 0.02417532 0.01294699 0.01294699 0.01294699 0.01294699
 0.01294699 0.0118985  0.0118985  0.0118985  0.0118985  0.0118985
 0.0118985  0.0118985  0.0118985  0.0118985  0.0118985  0.0118985
 0.0118985  0.0118985  0.00862627 0.00572759 0.00572759 0.00572759
 0.00572759 0.00572759 0.00572759 0.00572759 0.00572759 0.00572759
 0.00572759 0.00572759 0.00572759 0.00572759 0.00572759 0.00572759
 0.00572759 0.00436906 0.00436906 0.00436906 0.00436906 0.00183986
 0.00183986 0.00183986 0.00183986 0.00183986 0.00136474 0.00136474
 0.00136474]

ARD Regret Deviation_std_error
 [4.72578799e-04 1.48454910e-03 1.19499142e-04 1.19499142e-04
 1.19499142e-04 1.19499142e-04 1.19499142e-04 3.02851081e-05
 3.02851081e-05 3.02851081e-05 3.02851081e-05 3.02851081e-05
 3.02851081e-05 3.02851081e-05 3.02851081e-05 3.02851081e-05
 3.02851081e-05 3.02851081e-05 3.02851081e-05 3.02851081e-05
 4.97746119e-04 8.36496206e-05 8.36496206e-05 8.36496206e-05
 8.36496206e-05 8.36496206e-05 8.36496206e-05 8.36496206e-05
 8.36496206e-05 8.36496206e-05 8.36496206e-05 8.36496206e-05
 8.36496206e-05 8.36496206e-05 8.36496206e-05 8.36496206e-05
 8.36496206e-05 2.77726134e-04 2.77726134e-04 2.77726134e-04
 2.77726134e-04 8.35877413e-05 8.35877413e-05 8.35877413e-05
 8.35877413e-05 8.35877413e-05 1.57129245e-05 1.57129245e-05
 1.57129245e-05]


Total EI FIX Regret
 [[0.03456717 0.03456717 0.01211049 0.01211049 0.01211049 0.01211049
  0.01211049 0.01211049 0.01211049 0.01211049 0.01211049 0.01211049
  0.01211049 0.01211049 0.01211049 0.01211049 0.01211049 0.01211049
  0.01211049 0.01211049 0.01211049 0.01211049 0.01211049 0.01211049
  0.01211049 0.01211049 0.01211049 0.01211049 0.01211049 0.01211049
  0.01211049 0.01211049 0.01211049 0.01211049 0.0113354  0.0113354
  0.0113354  0.0113354  0.0113354  0.0113354  0.0113354  0.0113354
  0.0113354  0.0113354  0.01094232 0.01094232 0.01094232 0.01094232
  0.01094232]
 [0.02795106 0.01378348 0.01378348 0.01378348 0.01378348 0.01378348
  0.01378348 0.01378348 0.01378348 0.01378348 0.01378348 0.01378348
  0.01378348 0.01378348 0.01378348 0.01378348 0.01378348 0.01378348
  0.01378348 0.01378348 0.01378348 0.01378348 0.01378348 0.01378348
  0.01378348 0.01378348 0.01378348 0.01378348 0.01378348 0.01378348
  0.01378348 0.01378348 0.01378348 0.01378348 0.01378348 0.01378348
  0.01378348 0.01378348 0.01290215 0.01290215 0.01290215 0.01290215
  0.01290215 0.01290215 0.01290215 0.01290215 0.01290215 0.01290215
  0.01290215]]

FIX Regret Mean [0.03125912 0.02417532 0.01294699 0.01294699 0.01294699 0.01294699
 0.01294699 0.01294699 0.01294699 0.01294699 0.01294699 0.01294699
 0.01294699 0.01294699 0.01294699 0.01294699 0.01294699 0.01294699
 0.01294699 0.01294699 0.01294699 0.01294699 0.01294699 0.01294699
 0.01294699 0.01294699 0.01294699 0.01294699 0.01294699 0.01294699
 0.01294699 0.01294699 0.01294699 0.01294699 0.01255944 0.01255944
 0.01255944 0.01255944 0.01211878 0.01211878 0.01211878 0.01211878
 0.01211878 0.01211878 0.01192224 0.01192224 0.01192224 0.01192224
 0.01192224]

FIX Regret Deviation
 [0.00047258 0.00148455 0.0001195  0.0001195  0.0001195  0.0001195
 0.0001195  0.0001195  0.0001195  0.0001195  0.0001195  0.0001195
 0.0001195  0.0001195  0.0001195  0.0001195  0.0001195  0.0001195
 0.0001195  0.0001195  0.0001195  0.0001195  0.0001195  0.0001195
 0.0001195  0.0001195  0.0001195  0.0001195  0.0001195  0.0001195
 0.0001195  0.0001195  0.0001195  0.0001195  0.00017486 0.00017486
 0.00017486 0.00017486 0.00011191 0.00011191 0.00011191 0.00011191
 0.00011191 0.00011191 0.00013999 0.00013999 0.00013999 0.00013999
 0.00013999]
