




Total EI VAR Regret
 [[6.61136632e-01 4.95551790e-02 4.95551790e-02 4.95551790e-02
  4.95551790e-02 4.95551790e-02 4.95551790e-02 2.29428665e-02
  2.29428665e-02 2.29428665e-02 2.29428665e-02 1.35570146e-06
  1.35570146e-06 1.35570146e-06 1.35570146e-06 1.35570146e-06
  1.35570146e-06]
 [1.07011397e-01 1.07011397e-01 1.07011397e-01 3.79921241e-02
  3.79921241e-02 3.79921241e-02 3.79921241e-02 3.79921241e-02
  3.79921241e-02 1.77810432e-03 1.77810432e-03 1.77810432e-03
  1.22289916e-05 1.22289916e-05 1.22289916e-05 1.22289916e-05
  1.22289916e-05]
 [8.40234902e-01 5.15825773e-01 3.29150207e-01 1.51022741e-01
  9.88162615e-02 9.88162615e-02 7.03111179e-02 7.03111179e-02
  7.03111179e-02 7.03111179e-02 7.03111179e-02 4.42415465e-02
  4.63778698e-03 4.63778698e-03 1.60640812e-04 1.60640812e-04
  1.60640812e-04]
 [1.90871111e-01 1.76591424e-01 1.33072933e-01 1.33072933e-01
  1.18227898e-01 7.38681103e-02 1.23688664e-03 1.23688664e-03
  1.23688664e-03 1.54729351e-04 8.47704697e-05 8.47704697e-05
  8.47704697e-05 8.47704697e-05 8.47704697e-05 8.47704697e-05
  8.47704697e-05]
 [1.60922986e-01 1.60922986e-01 1.33072933e-01 4.94903908e-02
  4.94903908e-02 4.94903908e-02 4.94903908e-02 4.94903908e-02
  1.81076638e-02 1.81076638e-02 9.38548366e-03 9.38548366e-03
  9.38548366e-03 9.38548366e-03 9.38548366e-03 9.38548366e-03
  9.38548366e-03]]

VAR Regret Mean [0.39203541 0.20198135 0.15037253 0.08422667 0.07081637 0.06194441
 0.04171714 0.03639468 0.03011813 0.0226589  0.02090047 0.01109825
 0.00282433 0.00282433 0.0019289  0.0019289  0.0019289]

VAR Regret Deviation_std_error
 [0.07263259 0.03956852 0.02290757 0.01157788 0.007682   0.00529596
 0.00552215 0.00567906 0.00564367 0.0061682  0.00630325 0.00410554
 0.00090567 0.00090567 0.00090435 0.00090435 0.00090435]


Total EI FIX Regret
 [[6.61136632e-01 4.95551790e-02 4.95551790e-02 4.95551790e-02
  4.95551790e-02 4.95551790e-02 4.95551790e-02 4.95551790e-02
  4.95551790e-02 4.95551790e-02 4.95551790e-02 4.95551790e-02
  4.95551790e-02 4.95551790e-02 4.95551790e-02 4.95551790e-02
  4.95551790e-02]
 [1.07011397e-01 1.07011397e-01 1.07011397e-01 6.16963447e-02
  6.16963447e-02 5.09578817e-02 5.09578817e-02 4.96238539e-02
  4.96238539e-02 4.96238539e-02 3.20101946e-02 3.20101946e-02
  3.20101946e-02 3.20101946e-02 3.20101946e-02 2.95907633e-02
  2.95907633e-02]
 [8.40234902e-01 5.15825773e-01 1.92241007e-01 1.57561656e-01
  1.44763261e-01 1.44763261e-01 8.07281378e-02 7.46009159e-02
  7.46009159e-02 6.51544791e-02 6.51544791e-02 6.23530512e-02
  6.23530512e-02 6.23530512e-02 6.23530512e-02 6.23530512e-02
  6.23530512e-02]
 [1.90871111e-01 1.76591424e-01 7.01524455e-02 7.01524455e-02
  7.01524455e-02 7.01524455e-02 7.01524455e-02 3.06796076e-02
  3.06796076e-02 3.06796076e-02 3.06796076e-02 3.06796076e-02
  3.06796076e-02 3.06796076e-02 2.54491608e-03 2.54491608e-03
  1.16710400e-04]
 [1.60922986e-01 1.60922986e-01 7.44827779e-02 7.44827779e-02
  7.44827779e-02 7.44827779e-02 7.44827779e-02 7.44827779e-02
  7.44827779e-02 7.44827779e-02 7.44827779e-02 7.44827779e-02
  7.44827779e-02 7.44827779e-02 7.44827779e-02 6.21210755e-02
  6.21210755e-02]]

Multi Regret Mean [0.39203541 0.20198135 0.09868856 0.08268968 0.08013    0.07798231
 0.06517528 0.05578847 0.05578847 0.05389918 0.05037645 0.04981616
 0.04981616 0.04981616 0.04418922 0.041233   0.04074736]

Multi Regret Deviation_std_err
 [0.07263259 0.03956852 0.0121924  0.00931094 0.00810484 0.00845171
 0.00306674 0.00407387 0.00407387 0.00364072 0.00423635 0.00412873
 0.00412873 0.00412873 0.00609628 0.00551355 0.00571534]


Total EI ARD Regret
 [[0.66113663 0.04955518 0.04955518 0.04955518 0.04955518 0.04955518
  0.04955518 0.04955518 0.04955518 0.04955518 0.04955518 0.04955518
  0.04955518 0.04955518 0.04955518 0.04955518 0.04955518]
 [0.1070114  0.1070114  0.1070114  0.09152915 0.09152915 0.09152915
  0.09152915 0.09152915 0.09152915 0.09152915 0.09152915 0.09152915
  0.09152915 0.02939063 0.02939063 0.02939063 0.02939063]
 [0.8402349  0.51582577 0.33184155 0.09117375 0.09117375 0.09117375
  0.05736875 0.05736875 0.05736875 0.05736875 0.05736875 0.05736875
  0.05736875 0.05736875 0.05736875 0.05736875 0.05736875]
 [0.19087111 0.17659142 0.13307293 0.13307293 0.12695578 0.12695578
  0.07769251 0.07769251 0.07769251 0.07769251 0.07769251 0.06564757
  0.06564757 0.06564757 0.06564757 0.06564757 0.01412408]
 [0.16092299 0.16092299 0.13307293 0.04908128 0.04908128 0.04908128
  0.04908128 0.04908128 0.04908128 0.04908128 0.04908128 0.04908128
  0.04908128 0.04908128 0.04908128 0.00897908 0.00897908]]

ARD Regret Mean [0.39203541 0.20198135 0.1509108  0.08288246 0.08165903 0.08165903
 0.06504538 0.06504538 0.06504538 0.06504538 0.06504538 0.06263639
 0.06263639 0.05020868 0.05020868 0.04218824 0.03188354]

ARD Regret Deviation_Std_error
 [0.07263259 0.03956852 0.02315483 0.00760481 0.00713872 0.00713872
 0.00408018 0.00408018 0.00408018 0.00408018 0.00408018 0.00379855
 0.00379855 0.00291994 0.00291994 0.0049725  0.00461202]


Total EI FIX Regret
 [[0.66113663 0.04955518 0.04955518 0.04955518 0.04955518 0.04955518
  0.04955518 0.04955518 0.04955518 0.04955518 0.04955518 0.04955518
  0.04955518 0.04955518 0.04955518 0.04955518 0.04955518]
 [0.1070114  0.1070114  0.1070114  0.1070114  0.09717998 0.09717998
  0.09717998 0.09717998 0.0965859  0.0965859  0.02119275 0.02119275
  0.02119275 0.02119275 0.02119275 0.02119275 0.02119275]
 [0.8402349  0.51582577 0.19079852 0.10391626 0.09874582 0.09874582
  0.09874582 0.09428242 0.09428242 0.09428242 0.09428242 0.01643203
  0.01643203 0.01643203 0.01643203 0.01643203 0.01643203]
 [0.19087111 0.17659142 0.17659142 0.13307293 0.08851745 0.08851745
  0.08851745 0.08851745 0.08496531 0.07865291 0.07865291 0.07865291
  0.07865291 0.07865291 0.0432008  0.0432008  0.0432008 ]
 [0.16092299 0.16092299 0.13307293 0.05488495 0.05146079 0.05146079
  0.05146079 0.05146079 0.05146079 0.05146079 0.05146079 0.05146079
  0.05146079 0.05146079 0.05146079 0.05146079 0.05040669]]

FIX Regret Mean [0.39203541 0.20198135 0.13140589 0.08968814 0.07709184 0.07709184
 0.07709184 0.07619916 0.07536992 0.07410744 0.05902881 0.04345873
 0.04345873 0.04345873 0.03636831 0.03636831 0.03615749]

FIX Regret Deviation_std_error
 [0.07263259 0.03956852 0.01230334 0.00782657 0.00533379 0.00533379
 0.00533379 0.00513446 0.00501518 0.00490936 0.00614196 0.00549443
 0.00549443 0.00549443 0.00355811 0.00355811 0.0035066]
