Configuration Settings:

 hyperkernel_type: matern_harmonic_kernel 	kernel_type: SE 	char_length_scale: 0.3 	sigma_len: 0.0001 	sigma_len_bounds:  [0.1, 1] 	signal_variance_bounds: [0.1, 1] 
number_of_samples_in_X_for_grid: 4 	number_of_samples_in_Xs_for_grid: 5 	number_of_test_datapoints: 100 	noise: 0.0 
hyper_lambda 0.1 	random_seed: 200 	max_X: 1 	min_X: 0 	max_Y: 2 	min_Y: 1 
bounds: [[0, 1]] 	number_of_dimensions: 1 
signal_variance: 1 	number_of_basis_vectors_chosen:  1 	basis_weights_bounds: [0.1, 1] 
number_of_subspace_selection_iterations: 5 	number_of_iterations_best_solution: 5 
number_of_init_random_kernel_y_observations: 4 	acq_fun_list: ['UCB'] 
Length scale bounds:  [[0.1, 1]] 	number of restart likelihoods:  100 	hyper_char_len_scale:  0.1 
Dataset:  concrete 

###################################################################
 
Generating results Start time:  020805_26052021 
************  Run: 1    ***************

 
Initial Grid Values selected for this run
--- X in Grid ---
 [[0.        ]
 [0.33333333]
 [0.66666667]
 [1.        ]] 
Starting Optimization 
Eigen values for the calculation of the dimensionality reduction... 
######  run: 1  subspace  1   ###### 




Mean:  [0.3750474  0.29880122 0.43867686 0.44871767 0.55022305 0.61527844
 0.19909035 0.48471648 0.31002354 0.223245   0.41301564 0.45793059
 0.42634017 0.20571316 0.20861992 0.41085813 0.47368799 0.51805952
 0.23095311 0.79869256 0.47252031 0.35784374 0.33514379 0.32062105
 0.36743691 0.51034447 0.54141964 0.44507184 0.44529338 0.31612955
 0.31422705 0.28036185 0.16071431 0.27614071 0.2364364  0.50411182
 0.544392   0.50518419 0.24717534 0.43850492 0.53429075 0.49769492
 0.40617991 0.35722199 0.37836078 0.47229986 0.40758679 0.51776154
 0.23034932 0.31078992 0.45306476 0.41981673 0.46196968 0.30164819
 0.30524277 0.57464501 0.57754983 0.60032872 0.43436167 0.41354658
 0.5889119  0.47022001 0.22366974 0.30991425 0.61232216 0.39772659
 0.288309   0.49432652 0.47368037 0.55998129 0.45030483 0.53482028
 0.43601766 0.31367142 0.41306788 0.30097101 0.50660284 0.45005815
 0.49886334 0.21135326 0.4638424  0.15913706 0.39310977 0.36185042
 0.45446302 0.47472538 0.2586129  0.50237415 0.42459606 0.42119402
 0.46228851 0.5123533  0.41749636 0.45895143 0.36469469 0.26084
 0.58084119 0.36405302 0.46238661 0.41980789 0.22304934 0.35789211
 0.30020875 0.2593504  0.28974954 0.33932707 0.44011915 0.53641896
 0.47197921 0.31455086 0.44779374 0.65964107 0.4373602  0.38694394
 0.41012533 0.16714861 0.89257604 0.34421056 0.50428259 0.54227282
 0.3363467  0.21942371 0.53202224 0.54978316 0.2691566  0.43992857
 0.33748716 0.29338192 0.40011322 0.53880037 0.24749556 0.21267454
 0.38204286 0.41698284 0.4946525  0.50192707 0.29372433 0.17650266
 0.42561531 0.54071715 0.5601642  0.41062557 0.39166019 0.28873617
 0.46379571 0.29203734 0.24908512 0.37621868 0.48591669 0.45335853
 0.54318895 0.25707299 0.46415989 0.20660966 0.40301341 0.41241378
 0.27028931 0.18027968 0.43165134 0.47273668 0.26716923 0.49767408
 0.44424727 0.52311656 0.49953937 0.5272974  0.44540837 0.14663
 0.45797262 0.37555944 0.43675714 0.19866443 0.46142876 0.54719332
 0.38290397 0.45294534 0.38653592 0.73507296 0.56822114 0.4291811
 0.24555157 0.29352412 0.2146677  0.42611465 0.65326687 0.36825213
 0.40914659 0.44065258 0.26136833 0.51034447 0.42695633 0.5376695
 0.36336617 0.42825721 0.56741194 0.6654013  0.64561363 0.22157473
 0.38620177 0.529782   0.43162909 0.47486509 0.41597111 0.42977909
 0.22603581 0.3729225 ] 
Variance:  [0.07066878 0.08775222 0.11837045 0.05407437 0.11815785 0.05766792
 0.03158022 0.06085229 0.02440796 0.08244553 0.05295737 0.12302023
 0.06554619 0.02584888 0.04320939 0.06074452 0.12382451 0.04762596
 0.0537162  0.02013445 0.11121038 0.07335795 0.02917388 0.04992115
 0.06016843 0.06339869 0.06280549 0.04157611 0.06159641 0.0414587
 0.05825459 0.05654955 0.04501658 0.0594127  0.05639712 0.05614657
 0.05251225 0.07414707 0.05252349 0.05359046 0.05324275 0.091749
 0.08412644 0.04421213 0.06148126 0.12207387 0.09461534 0.1113614
 0.02927309 0.04591599 0.11866681 0.12160064 0.11156311 0.0494556
 0.04718794 0.01351119 0.08872684 0.11116385 0.09101836 0.05287322
 0.11091384 0.12691695 0.02549288 0.07984816 0.0531857  0.09245492
 0.0609899  0.1207469  0.05484427 0.06633276 0.12781424 0.10544473
 0.05571473 0.05681742 0.1042485  0.0562663  0.04766501 0.0575527
 0.1252583  0.02313517 0.04901605 0.02522478 0.05737232 0.10205777
 0.12685384 0.07089982 0.03176171 0.10968509 0.08491152 0.12176815
 0.10176344 0.05291851 0.07886221 0.12444011 0.03532057 0.06242091
 0.02387004 0.03295021 0.12752226 0.12445908 0.06118204 0.05544949
 0.0380818  0.06309707 0.06177596 0.06858025 0.12678755 0.08324995
 0.12162955 0.06433792 0.12069094 0.06943064 0.11957155 0.05435179
 0.0589069  0.03275355 0.02413628 0.03162013 0.1132438  0.10127937
 0.03226885 0.08257026 0.07387649 0.04767591 0.05949105 0.10712224
 0.05455574 0.05466978 0.12174505 0.09186161 0.04594745 0.06176791
 0.05380031 0.05560774 0.05231661 0.0183202  0.05818717 0.05609327
 0.0970244  0.09139795 0.06025597 0.08602071 0.04438721 0.06165598
 0.0540879  0.05945442 0.0916396  0.06970343 0.09489146 0.12786243
 0.07474789 0.0658741  0.12603683 0.04025147 0.12479613 0.11523972
 0.05043052 0.03858862 0.1033068  0.12663846 0.05846011 0.12095944
 0.09065847 0.05681164 0.1207592  0.11119488 0.09411881 0.04591073
 0.05043163 0.07166512 0.04767728 0.07937565 0.12465235 0.05120789
 0.06343939 0.05170465 0.06371301 0.03056124 0.06475188 0.05448631
 0.05700571 0.05627936 0.04125782 0.11821248 0.05418593 0.09787342
 0.08773748 0.05999323 0.0523811  0.06339869 0.0591667  0.1066263
 0.05791636 0.11768357 0.11328399 0.02668733 0.02832321 0.05464973
 0.0538903  0.01502813 0.05747463 0.03759872 0.11769994 0.05803009
 0.06190114 0.05628601] 
ys:  (206, 1) .....
 
Generated new observation with observation_y:  [[-73.85194368]] 




Mean:  [0.37473662 0.29361943 0.43699693 0.44943821 0.56802576 0.63680461
 0.19335621 0.49200594 0.29715684 0.20104065 0.41065294 0.46844521
 0.43107381 0.20014723 0.1927811  0.40488536 0.4740381  0.51131696
 0.21399803 0.82039531 0.48326137 0.34802643 0.31385018 0.30640989
 0.36417648 0.53251031 0.56280262 0.44198453 0.45794019 0.29556117
 0.31477257 0.24841914 0.13229175 0.24129918 0.19674265 0.51129337
 0.54447625 0.5132542  0.22313914 0.44320493 0.5373965  0.50379037
 0.40682194 0.36240376 0.36685691 0.47682513 0.39989505 0.52678686
 0.22151066 0.30426472 0.45416773 0.41851827 0.46251742 0.30778322
 0.2816038  0.5746979  0.59959194 0.62946735 0.43240062 0.40739649
 0.60908528 0.47473398 0.20721366 0.28398743 0.62137462 0.40129279
 0.29179502 0.50169935 0.48636915 0.57386948 0.45189609 0.54471233
 0.43505675 0.28838295 0.41119266 0.27373582 0.49126102 0.45244104
 0.50954838 0.21017871 0.44480356 0.14708821 0.38752278 0.35837793
 0.45621101 0.47915449 0.26214722 0.50991255 0.42517031 0.42011171
 0.47865939 0.5078082  0.41216709 0.46095758 0.35837339 0.24582846
 0.59296307 0.35758063 0.46523314 0.42301171 0.21919031 0.3398001
 0.30064335 0.25972324 0.27960782 0.32636601 0.44103484 0.54694525
 0.47601098 0.30874131 0.44808275 0.69404342 0.4454801  0.367993
 0.4032197  0.15284711 0.91564345 0.35552529 0.51333142 0.56797153
 0.34192878 0.20061222 0.5429952  0.54955717 0.26822601 0.44488337
 0.3285185  0.28401467 0.40004444 0.56152423 0.22664961 0.20465238
 0.36836348 0.41039267 0.50236752 0.49418895 0.29066725 0.14434221
 0.42337128 0.54779309 0.57939299 0.41257942 0.37345121 0.29026179
 0.46945221 0.2996103  0.23021518 0.36688626 0.48974171 0.45508351
 0.55067673 0.21841375 0.4666858  0.18949252 0.40017143 0.40764514
 0.25369367 0.16633648 0.42812112 0.47728533 0.23820355 0.5066083
 0.44340758 0.53986011 0.50831723 0.54084476 0.44660051 0.11801557
 0.47114043 0.37838917 0.42358866 0.18515291 0.46429503 0.5572033
 0.37380325 0.45532563 0.379636   0.75121183 0.59066964 0.43850472
 0.20673177 0.26219569 0.20211788 0.42415596 0.7005115  0.36158748
 0.40182606 0.43997347 0.23695538 0.53251031 0.43079756 0.55181474
 0.36565202 0.42654627 0.5828516  0.6840719  0.6614684  0.19489236
 0.3737415  0.51990697 0.42069227 0.48074232 0.41939706 0.42849926
 0.21576368 0.3614043 ] 
Variance:  [0.10588179 0.13636786 0.19325054 0.0661622  0.19306989 0.07276377
 0.04038314 0.08811586 0.0292771  0.12720979 0.07757262 0.20285455
 0.09680022 0.03115886 0.0613028  0.07742908 0.20494294 0.05828113
 0.06789924 0.02338543 0.18020408 0.10490527 0.03392718 0.06934215
 0.09015932 0.09530037 0.09362505 0.05236422 0.09115365 0.0542411
 0.0826676  0.06893011 0.0557924  0.07463618 0.0686476  0.06818755
 0.06441883 0.10776308 0.06701006 0.07673077 0.06776948 0.14303618
 0.13041078 0.06336787 0.08733526 0.20070288 0.14565259 0.1810525
 0.03578102 0.05926824 0.1948039  0.20037567 0.18116081 0.06970302
 0.05781767 0.01484175 0.13629602 0.17866919 0.14283114 0.06507344
 0.17835843 0.21034483 0.02945506 0.11833474 0.06771139 0.14537966
 0.0930883  0.19805538 0.06736957 0.09980426 0.21208711 0.16963908
 0.0679746  0.06967234 0.16687057 0.0685556  0.05831732 0.07131868
 0.20711784 0.02793046 0.06344298 0.03029645 0.07123492 0.16121867
 0.21019178 0.10775429 0.04060186 0.17782411 0.13214889 0.20068209
 0.1607856  0.06509829 0.11918881 0.20542327 0.04628193 0.08720359
 0.02863913 0.04324247 0.21156246 0.20557212 0.09064967 0.06771872
 0.05049908 0.09514486 0.08648574 0.09475345 0.21028144 0.12780543
 0.1999038  0.09247017 0.19867028 0.10265781 0.19619048 0.0728917
 0.0740134  0.04149972 0.02687261 0.04278379 0.18352588 0.15985574
 0.04050402 0.1278805  0.10652474 0.05832349 0.0901795  0.17318201
 0.06731559 0.06905587 0.20024081 0.14343197 0.05878962 0.09124695
 0.07558349 0.06905902 0.06926555 0.0204976  0.08242715 0.07040999
 0.15519398 0.14509629 0.07705977 0.13404336 0.05498135 0.09072366
 0.06646062 0.09049523 0.14219242 0.09632467 0.1477828  0.21218317
 0.11511477 0.08952116 0.2088589  0.05065011 0.20623185 0.18833212
 0.07130889 0.04899081 0.16392007 0.20981077 0.07361742 0.19843241
 0.13847708 0.07204821 0.19806057 0.17881956 0.14448692 0.05669119
 0.07198108 0.10948655 0.05832457 0.12257279 0.20578835 0.06551796
 0.08994678 0.06420815 0.0877524  0.03549625 0.08707536 0.07939178
 0.06987296 0.06845784 0.05382671 0.19400778 0.06610169 0.15439892
 0.13278776 0.07674879 0.06689298 0.09530037 0.08365484 0.17115427
 0.08123502 0.1929789  0.18408748 0.03174943 0.03272168 0.06691468
 0.07593142 0.01664797 0.07198147 0.04982588 0.19272237 0.07216227
 0.09081027 0.06915879] 
ys:  (206, 1) .....
 
Generated new observation with observation_y:  [[-45.27582526]] 




Mean:  [0.3787949  0.28982344 0.43348419 0.44972843 0.58828901 0.66058094
 0.19203216 0.50077047 0.28290917 0.18083847 0.40516634 0.4827278
 0.43662104 0.19557135 0.17539148 0.39745873 0.47201408 0.4965143
 0.19606726 0.84430895 0.49459141 0.33613556 0.28316791 0.28987339
 0.36195568 0.56900196 0.59863594 0.43808618 0.4876885  0.27101745
 0.32593324 0.20984845 0.09899508 0.1987063  0.14941797 0.51840609
 0.54189783 0.52120256 0.19190588 0.45495466 0.53509153 0.50889239
 0.40764423 0.37490123 0.35151009 0.48088517 0.38979714 0.53639957
 0.21140995 0.2976962  0.45461275 0.41694792 0.46038846 0.31648658
 0.25028324 0.57934802 0.6279671  0.66277088 0.42936613 0.39992282
 0.63043998 0.47864181 0.19188533 0.25339785 0.62508987 0.40633236
 0.29797358 0.50861208 0.50319146 0.5857151  0.45242029 0.55469885
 0.43315389 0.257805   0.40842381 0.24061724 0.46037149 0.45420847
 0.52105352 0.21156092 0.4189664  0.13545642 0.38145458 0.35703272
 0.45682534 0.48424268 0.27010059 0.51619717 0.42474855 0.41877936
 0.50512644 0.49806419 0.40349181 0.46193224 0.35389832 0.22803776
 0.60536043 0.35107567 0.46705606 0.42876908 0.21848297 0.31755825
 0.30497306 0.26248601 0.2682681  0.31057483 0.44089467 0.5551996
 0.47947422 0.30324412 0.44737095 0.74041409 0.45631594 0.33969315
 0.39444472 0.13786116 0.93760646 0.3735518  0.52242084 0.60440973
 0.34957684 0.18454363 0.55426399 0.54163509 0.26823744 0.45052279
 0.31892977 0.27515259 0.40091564 0.59046663 0.2045239  0.19635483
 0.34717232 0.4015147  0.51150197 0.48046508 0.29928498 0.10806397
 0.42016334 0.5536631  0.60039819 0.41451669 0.34647103 0.29745214
 0.47702609 0.31208896 0.21013192 0.35569422 0.49182984 0.45563675
 0.55338749 0.17135439 0.46821707 0.16823221 0.39707701 0.4014466
 0.23154846 0.15316526 0.42243718 0.48110017 0.20465613 0.51566345
 0.44170902 0.56071307 0.51708339 0.55530501 0.44757843 0.0844236
 0.4912109  0.38311197 0.40230107 0.17782986 0.46636053 0.56381277
 0.3625405  0.45816532 0.37194771 0.76370751 0.61663876 0.44895869
 0.16037526 0.2239197  0.1874654  0.42121941 0.75859248 0.35334749
 0.39270218 0.43867936 0.20327645 0.56900196 0.4439265  0.56718273
 0.37042341 0.42388175 0.59684527 0.70571193 0.6765933  0.16599472
 0.35459133 0.50398371 0.40339971 0.49103182 0.42385872 0.42693271
 0.21091705 0.34790199] 
Variance:  [0.20330892 0.27492651 0.41534299 0.0820071  0.41555847 0.09846129
 0.0565637  0.16091972 0.03686225 0.25579366 0.14450163 0.44187007
 0.17989647 0.04059973 0.105757   0.10777706 0.44891801 0.07523037
 0.09115925 0.02749857 0.38461338 0.1854873  0.04113623 0.11590006
 0.17062752 0.18487072 0.17494393 0.0705906  0.16901518 0.08205871
 0.14492122 0.08505622 0.07355697 0.10014285 0.08435756 0.08319625
 0.07973643 0.19841392 0.09251457 0.13578934 0.09312506 0.29035585
 0.26342469 0.11307443 0.15011582 0.43593689 0.28978718 0.38776105
 0.04630288 0.08399506 0.42280184 0.43662537 0.38744704 0.11751892
 0.07498112 0.01703302 0.2690409  0.37667475 0.29371364 0.08140907
 0.37532123 0.46135447 0.03617029 0.22391113 0.09307255 0.29604511
 0.18304008 0.42881577 0.08448086 0.19315427 0.46583367 0.35844451
 0.08381744 0.08741812 0.35073528 0.08440661 0.07525244 0.0920986
 0.45304459 0.0358235  0.08908747 0.03864817 0.0925283  0.32941497
 0.46087676 0.21285894 0.05671814 0.37947825 0.26852847 0.43736061
 0.32864789 0.08149731 0.23177867 0.44840566 0.07184111 0.14765193
 0.03571    0.06781434 0.46459324 0.44861807 0.17112994 0.08359284
 0.07801065 0.18416814 0.14673232 0.15690181 0.46160855 0.25245841
 0.43407834 0.16561578 0.43253087 0.19527934 0.42487498 0.1141733
 0.09923883 0.05681238 0.02988166 0.06823732 0.39168981 0.32642046
 0.0556111  0.25819193 0.18861738 0.07525594 0.17514615 0.36892781
 0.08560214 0.09385495 0.43481672 0.28913126 0.08586869 0.17142368
 0.13040776 0.08988786 0.10426567 0.02397432 0.14410757 0.09341863
 0.32663337 0.30139422 0.10805334 0.27213858 0.07273691 0.16946777
 0.08365952 0.17724542 0.28608659 0.15886276 0.29690638 0.46608729
 0.2295484  0.14504024 0.45810704 0.06879194 0.45068743 0.40660484
 0.12295536 0.06769608 0.33917457 0.45999315 0.09901425 0.42969287
 0.27144998 0.09836339 0.42877832 0.37629359 0.28624117 0.07426732
 0.12666656 0.21569027 0.07525653 0.24650935 0.44920043 0.09093294
 0.15412099 0.0828448  0.1473675  0.04164266 0.13645515 0.14567764
 0.08762567 0.08393387 0.07755463 0.42074681 0.08094428 0.31803795
 0.25792147 0.10768507 0.09243903 0.18487072 0.14591253 0.36036853
 0.14070483 0.41807856 0.39355075 0.03873489 0.03871311 0.08314984
 0.13213712 0.01907567 0.09521223 0.0796614  0.41654369 0.09407919
 0.16920992 0.08705049] 
ys:  (206, 1) .....
 
Generated new observation with observation_y:  [[2.8962275]] 




Mean:  [0.37640288 0.3025963  0.43917995 0.44806514 0.53987678 0.60226834
 0.20390348 0.48037773 0.31752797 0.23759353 0.4134498  0.45251795
 0.42357534 0.20997383 0.21835893 0.41403205 0.47274227 0.51953441
 0.24136344 0.78564092 0.46615791 0.3632517  0.34645479 0.32892076
 0.36967762 0.49944114 0.53114613 0.44652777 0.4409812  0.32757953
 0.31637684 0.29803743 0.17741177 0.29521576 0.25860856 0.49944132
 0.543171   0.49997752 0.260707   0.43693369 0.53054983 0.49348144
 0.4058347  0.35587408 0.38451902 0.46931168 0.41155859 0.51197191
 0.23594724 0.3150924  0.45212965 0.42058441 0.46093119 0.29917732
 0.31787078 0.57513431 0.56548038 0.58365952 0.43519641 0.41690865
 0.57667939 0.46724273 0.23420812 0.32443353 0.604743   0.39636113
 0.28717248 0.48955434 0.46710714 0.55076046 0.44904133 0.52832938
 0.43625027 0.32763265 0.41389915 0.3159751  0.5113078  0.44829039
 0.49250496 0.21322799 0.47372656 0.16712574 0.39641773 0.36483962
 0.45305767 0.47191575 0.25786593 0.49737324 0.42387971 0.42183415
 0.45500385 0.51323169 0.41963972 0.45737548 0.36890791 0.26973649
 0.57330593 0.36813621 0.46034337 0.41855647 0.22688485 0.36773754
 0.30119969 0.2601499  0.29601022 0.34650153 0.43929583 0.52928453
 0.46924379 0.31840319 0.44729801 0.64020357 0.43322436 0.396028
 0.41373342 0.17630136 0.87689025 0.33923523 0.49857725 0.52920937
 0.33362403 0.23201517 0.52503884 0.54732029 0.27034229 0.43702291
 0.34301644 0.29965092 0.40054127 0.52647926 0.26008471 0.21810756
 0.38896105 0.42029003 0.48998375 0.50533848 0.29816493 0.19542908
 0.42673286 0.53551662 0.54866004 0.40940775 0.40039564 0.28979763
 0.46078309 0.28900586 0.26060553 0.38147073 0.4829576  0.45198157
 0.53726086 0.27834513 0.46230229 0.21625936 0.40473769 0.41495302
 0.27985554 0.18970824 0.43317917 0.46968501 0.28377923 0.49213046
 0.44439381 0.51388389 0.49403476 0.51915155 0.44456068 0.16360418
 0.45166723 0.3745806  0.44243105 0.20887498 0.45940308 0.53996022
 0.38783502 0.45152306 0.39055932 0.72329698 0.55528522 0.42372505
 0.26718853 0.31067639 0.22216222 0.427043   0.62733835 0.37205833
 0.41301479 0.44081926 0.27449451 0.49944114 0.42626135 0.52907694
 0.36273178 0.42903532 0.55737216 0.65429373 0.63492431 0.23774924
 0.39254648 0.53472059 0.43632513 0.47202271 0.41429403 0.43042366
 0.23428811 0.37942616] 
Variance:  [0.05744196 0.06983505 0.09173332 0.04759025 0.09153312 0.05018592
 0.02757499 0.0503097  0.02193753 0.0660503  0.04356745 0.09484046
 0.05352235 0.02326295 0.0360079  0.05265589 0.09528839 0.04217689
 0.04668461 0.01835754 0.08659138 0.06068692 0.02666399 0.04197703
 0.04876282 0.05154228 0.05110717 0.03633837 0.05033868 0.03582395
 0.0485916  0.04982729 0.0396489  0.0517819  0.04971846 0.04953537
 0.04614828 0.06106276 0.04564888 0.04449898 0.04629582 0.07292738
 0.06715601 0.03680181 0.05107145 0.09427186 0.07561072 0.08655043
 0.02606046 0.03976773 0.09175743 0.09380837 0.08676376 0.04119395
 0.04178239 0.01279522 0.07097165 0.08687516 0.07219649 0.04642548
 0.08662972 0.09757833 0.02343571 0.0651118  0.04624097 0.07309412
 0.04907421 0.09336167 0.04819915 0.05381011 0.09820092 0.08242091
 0.04906938 0.04995629 0.08171282 0.04958341 0.04221624 0.05040507
 0.09642876 0.02080998 0.04225208 0.02269548 0.0502246  0.08039571
 0.09754116 0.05727763 0.02773321 0.0853738  0.06763934 0.09392864
 0.08015867 0.04648337 0.06371683 0.09588509 0.0307051  0.05223331
 0.02146495 0.02867888 0.09798846 0.0958558  0.04996704 0.04881005
 0.03272303 0.05106785 0.05165281 0.05756027 0.0974406  0.06665928
 0.09395063 0.05322969 0.09317391 0.05688652 0.0924396  0.04637883
 0.0513394  0.02868443 0.02247905 0.0269729  0.08815519 0.07982766
 0.02840987 0.06601237 0.06083112 0.04222852 0.04803757 0.08355774
 0.04790066 0.04762337 0.09398596 0.07287941 0.04007808 0.05048734
 0.04511283 0.04871474 0.04478799 0.01715641 0.04858475 0.04888281
 0.07617646 0.07200897 0.05217362 0.06843094 0.03917693 0.05057817
 0.0475584  0.04792799 0.07296845 0.05847904 0.07534203 0.09823378
 0.0598538  0.05577351 0.09691614 0.03526458 0.09610143 0.08933595
 0.0421154  0.03373669 0.08128277 0.09738315 0.0509041  0.09351737
 0.07269855 0.04935113 0.09337457 0.08684534 0.07530854 0.04049852
 0.04192465 0.0576378  0.04223001 0.0635602  0.09604205 0.04438391
 0.05273363 0.04532561 0.0537574  0.02780974 0.05494981 0.04488622
 0.0501317  0.04962615 0.03556939 0.09141097 0.04770652 0.07730757
 0.07072796 0.05193697 0.04549718 0.05154228 0.04944972 0.08342279
 0.04853001 0.09104381 0.08803344 0.02405287 0.02592328 0.04808019
 0.04515163 0.01413826 0.05015142 0.03258804 0.09111139 0.05076367
 0.0508906  0.04945107] 
ys:  (206, 1) .....
 
Generated new observation with observation_y:  [[-87.2910235]] 

Trying for best solution at iteration: 1    in subspace:  1 
Using log marginal likelihood to compute the optimised length scale for the kernels 
Hyper Params for kernel observations 
New maximum log likelihood  [[-4636.48990072]]  found for l=  [0.22586413]  var: 1.0 
New maximum log likelihood  [[-4636.36125453]]  found for l=  [0.226623]  var: 1.0 
New maximum log likelihood  [[-4636.34466544]]  found for l=  [0.22674173]  var: 1.0 
New maximum log likelihood  [[-4636.34085522]]  found for l=  [0.22677]  var: 1.0 
New maximum log likelihood  [[-4636.26079332]]  found for l=  [0.22750448]  var: 1.0 
New maximum log likelihood  [[-4636.25504222]]  found for l=  [0.22996256]  var: 1.0 
New maximum log likelihood  [[-4636.20837339]]  found for l=  [0.22890562]  var: 1.0 
Opt Length scale:  [0.22890562] 
Opt variance:  1.0 
optimised values: l =  [0.22890562]   sig =  1.0 
pre-calculating COV matrix for kernel observations 
ACQ Function : UCB  
New best Fval:  [[-87.69819318]]  found at:  [0.17287731] 
New best Fval:  [[-87.69984596]]  found at:  [0.17317736] 
New best Fval:  [[-87.70087945]]  found at:  [0.17388878] 
New best Fval:  [[-87.70091881]]  found at:  [0.17357087] 
New best Fval:  [[-87.70092342]]  found at:  [0.17357494] 
New best Fval:  [[-87.70098698]]  found at:  [0.17365467] 
New best Fval:  [[-87.70100124]]  found at:  [0.17371411] 
UCB Best is  [[-87.70100124]] at  [0.17371411] 
Best weights:  [0.17371411] 




Mean:  [0.37680566 0.30352263 0.43924651 0.44789363 0.53756954 0.59931299
 0.20511852 0.4793881  0.31919317 0.24091852 0.41346076 0.45137761
 0.42296505 0.21105032 0.22059925 0.41470301 0.47245848 0.51961886
 0.24373943 0.78267137 0.46474173 0.36442261 0.3489001  0.3307775
 0.37020171 0.49716385 0.52900273 0.44681105 0.4402372  0.33007731
 0.31706298 0.30187121 0.18117158 0.2993312  0.26343808 0.49834798
 0.54276837 0.49876627 0.26371288 0.43665964 0.52953217 0.4924752
 0.40576061 0.35572294 0.38584278 0.46861139 0.41238881 0.51061977
 0.23726492 0.31611126 0.45188966 0.4207559  0.46063416 0.29875748
 0.32058815 0.57525988 0.56284388 0.57998154 0.43534922 0.41763035
 0.5739104  0.46654705 0.23665002 0.32759429 0.6028232  0.39613579
 0.28702157 0.48844573 0.46572149 0.54860642 0.44872901 0.52680199
 0.43626735 0.33065637 0.41405615 0.3192238  0.51196322 0.44785809
 0.49107853 0.2137864  0.47580743 0.16902166 0.39715563 0.36559565
 0.45270839 0.47125347 0.25783597 0.49620335 0.42368278 0.42197714
 0.45356942 0.51324424 0.42002113 0.45698454 0.3698852  0.2717518
 0.57157236 0.36907675 0.45985242 0.41833086 0.22791478 0.36985416
 0.30154599 0.26044379 0.29745252 0.34806087 0.43908647 0.52760972
 0.46859546 0.31931537 0.44715413 0.63588662 0.43236245 0.39787561
 0.41449018 0.1784449  0.87312434 0.33828631 0.49726365 0.52645112
 0.33308173 0.23497672 0.5234165  0.54651903 0.27068671 0.43637558
 0.34428243 0.30113733 0.40067495 0.52380963 0.26292856 0.21942002
 0.39042512 0.42097083 0.48891119 0.50599503 0.29937262 0.19966812
 0.42696269 0.53423934 0.5460714  0.40913263 0.40217071 0.290235
 0.46013193 0.28847665 0.26322699 0.38262112 0.48222557 0.45164062
 0.53580195 0.28294655 0.46185122 0.21839938 0.40512793 0.41549322
 0.28201108 0.19196373 0.4334677  0.46896746 0.28744486 0.49086383
 0.44438731 0.51187192 0.49277122 0.51731279 0.44435401 0.16745091
 0.45037799 0.37443555 0.44350441 0.21137238 0.45891749 0.53822866
 0.38889678 0.45119736 0.39145158 0.72042033 0.55241884 0.42251479
 0.2718953  0.31437636 0.22386978 0.42722787 0.62172402 0.37290373
 0.41382966 0.4408306  0.2773548  0.49716385 0.426209   0.52712466
 0.36266073 0.42918603 0.5550428  0.65176842 0.63238163 0.24141559
 0.39389283 0.53575392 0.43721008 0.47142064 0.4139562  0.43055292
 0.23634725 0.38084839] 
Variance:  [0.05493416 0.06646887 0.08681263 0.04619712 0.08661653 0.04861389
 0.02676089 0.04828424 0.02141323 0.06297362 0.04177468 0.08965349
 0.05122299 0.02271958 0.03461463 0.05096666 0.09004367 0.04101599
 0.04521099 0.01797186 0.08203438 0.05821535 0.02611901 0.04042087
 0.04659523 0.04930358 0.04888667 0.03524834 0.04819744 0.03468483
 0.04671703 0.04837553 0.03851774 0.05017147 0.04827451 0.04810338
 0.04478492 0.05853764 0.04422693 0.04274473 0.04485509 0.06939612
 0.06397226 0.03538111 0.04904604 0.08914919 0.07202176 0.08196401
 0.02538661 0.03851065 0.08679932 0.08869276 0.08217721 0.03958202
 0.0406322  0.01263664 0.0676193  0.08236274 0.06867972 0.04504834
 0.08211893 0.09218717 0.02298933 0.06229023 0.04480081 0.06947365
 0.04683006 0.08831157 0.04677572 0.05144014 0.09276139 0.07814975
 0.04763601 0.04848182 0.07752402 0.04813987 0.04105536 0.04888118
 0.09112718 0.02032479 0.04086324 0.0221611  0.04870399 0.0763453
 0.09215428 0.05471059 0.02691412 0.08087501 0.06440296 0.08880453
 0.07611953 0.04510859 0.06084454 0.09063092 0.02978539 0.05022901
 0.02095786 0.02783246 0.09256329 0.09059363 0.04782887 0.04737913
 0.03164971 0.04878931 0.04966472 0.05537108 0.09204931 0.06352952
 0.08885028 0.05107778 0.08810805 0.05449639 0.08743731 0.04478363
 0.04974319 0.02785089 0.02210251 0.02605771 0.08351047 0.07581593
 0.02761368 0.06290948 0.05829855 0.04106775 0.04587645 0.07919602
 0.04648164 0.04614869 0.08887174 0.06931957 0.03887052 0.04833108
 0.0434233  0.04725119 0.04326738 0.01690061 0.0467217  0.04736228
 0.07230828 0.06840121 0.0504905  0.06513375 0.03808336 0.04846497
 0.04616132 0.04575693 0.06945668 0.05624992 0.07166846 0.09279157
 0.0570545  0.05375191 0.09156531 0.03422896 0.09082357 0.08455654
 0.0405027  0.0327411  0.07717372 0.0920067  0.04931376 0.08845695
 0.06929658 0.04779119 0.08832443 0.08232247 0.07175169 0.0393543
 0.04028206 0.05499579 0.04106926 0.06059409 0.09077767 0.0429714
 0.05064739 0.04397662 0.05178549 0.02720615 0.0529722  0.04304699
 0.04865384 0.04818699 0.03441618 0.08647216 0.04630976 0.07346571
 0.06749521 0.05025955 0.04407379 0.04930358 0.04756225 0.0791132
 0.04669425 0.08613347 0.0833627  0.02349121 0.02539781 0.04666905
 0.0434551  0.01394107 0.04860487 0.03159802 0.08620672 0.04921904
 0.04878969 0.04798529] 
ys:  (206, 1) .....
 
New observation found in the given subspace 
New kernel suggested:  [[ 0.23926201  0.06649505 -0.019072   -0.06226113  0.19107159  0.1372357
  -0.13049999  0.04168025  0.06419205  0.0804498 ]] 
with observation value:  [[-90.0087862]] 

Trying for best solution at iteration: 2    in subspace:  1 
Using log marginal likelihood to compute the optimised length scale for the kernels 
Hyper Params for kernel observations 
New maximum log likelihood  [[-6839.5551704]]  found for l=  [0.10728091]  var: 1.0 
New maximum log likelihood  [[-6164.06869656]]  found for l=  [0.22337658]  var: 1.0 
New maximum log likelihood  [[-6164.06860298]]  found for l=  [0.22334024]  var: 1.0 
New maximum log likelihood  [[-6164.06860297]]  found for l=  [0.22333998]  var: 1.0 
New maximum log likelihood  [[-6164.06860297]]  found for l=  [0.22333994]  var: 1.0 
New maximum log likelihood  [[-6164.06860297]]  found for l=  [0.22333996]  var: 1.0 
New maximum log likelihood  [[-6164.06860297]]  found for l=  [0.22333988]  var: 1.0 
Opt Length scale:  [0.22333988] 
Opt variance:  1.0 
optimised values: l =  [0.22333988]   sig =  1.0 
pre-calculating COV matrix for kernel observations 
ACQ Function : UCB  
New best Fval:  [[4.19224607]]  found at:  [1.] 
New best Fval:  [[-96.9554891]]  found at:  [0.12792826] 
New best Fval:  [[-96.95557227]]  found at:  [0.12777456] 
New best Fval:  [[-96.95557272]]  found at:  [0.12778199] 
New best Fval:  [[-96.95557277]]  found at:  [0.12778558] 
New best Fval:  [[-96.95557277]]  found at:  [0.12778562] 
UCB Best is  [[-96.95557277]] at  [0.12778562] 
Best weights:  [0.12778562] 
