
FIX Regret Mean [0.91754386 0.94035088 0.94385965 0.94385965 0.94385965 0.94385965
 0.94385965 0.94385965 0.94385965 0.94385965 0.94561404 0.94561404
 0.94561404 0.94561404 0.94561404 0.94561404 0.94561404 0.94561404
 0.94736842 0.94736842 0.94736842 0.94736842 0.94736842] 

FIX Regret Deviation_std_error
 [0.01012455 0.00438978 0.00456902 0.00456902 0.00456902 0.00456902
 0.00456902 0.00456902 0.00456902 0.00456902 0.00390583 0.00390583
 0.00390583 0.00390583 0.00390583 0.00390583 0.00390583 0.00390583
 0.0038367  0.0038367  0.0038367  0.0038367  0.0038367]


ARD Regret Mean [0.91754386 0.94035088 0.94385965 0.94385965 0.94385965 0.94385965
 0.94385965 0.94385965 0.94385965 0.94385965 0.94385965 0.94385965
 0.94385965 0.94385965 0.94385965 0.94385965 0.94385965 0.94385965
 0.94385965 0.94385965 0.94561404 0.94736842 0.94736842] 

ARD Regret Deviation_Std_error
 [0.01012455 0.00438978 0.00456902 0.00456902 0.00456902 0.00456902
 0.00456902 0.00456902 0.00456902 0.00456902 0.00456902 0.00456902
 0.00456902 0.00456902 0.00456902 0.00456902 0.00456902 0.00456902
 0.00456902 0.00456902 0.00390583 0.0038367  0.0038367]



VAR Regret Mean [0.91754386 0.94035088 0.94385965 0.94561404 0.94561404 0.94561404
 0.94561404 0.94561404 0.94561404 0.94736842 0.94736842 0.94736842
 0.94736842 0.94736842 0.94736842 0.95263158 0.95263158 0.95263158
 0.95263158 0.95263158 0.95263158 0.95263158 0.95263158] 

VAR Regret Deviation_std_error
 [0.01012455 0.00438978 0.00456902 0.00390583 0.00390583 0.00390583
 0.00390583 0.00390583 0.00390583 0.00417093 0.00417093 0.00417093
 0.00417093 0.00417093 0.00417093 0.00442016 0.00442016 0.00442016
 0.00442016 0.00442016 0.00442016 0.00442016 0.00442016]


Multi Regret Mean [0.91754386 0.94035088 0.94385965 0.94385965 0.94385965 0.94561404
 0.94561404 0.94561404 0.94561404 0.94561404 0.94736842 0.94736842
 0.94736842 0.94736842 0.94736842 0.94736842 0.94736842 0.94736842
 0.94736842 0.94736842 0.94736842 0.94736842 0.94736842] 

Multi Regret Deviation_std_error
 [0.01012455 0.00438978 0.00456902 0.00456902 0.00456902 0.00390583
 0.00390583 0.00390583 0.00390583 0.00390583 0.0038367  0.0038367
 0.0038367  0.0038367  0.0038367  0.0038367  0.0038367  0.0038367
 0.0038367  0.0038367  0.0038367  0.0038367  0.0038367]