

Total EI VAR Regret
 [[4.98570131e-01 4.98570131e-01 4.98570131e-01 4.96047252e-01
  4.25615857e-01 9.22619120e-06 9.22619120e-06 9.22619120e-06
  9.22619120e-06 9.22619120e-06 9.22619120e-06 9.22619120e-06
  9.22619120e-06 4.95379316e-07 4.95379316e-07 4.95379316e-07
  4.95379316e-07]
 [4.97252136e-01 3.90405477e-01 3.90405477e-01 3.90405477e-01
  3.90405477e-01 3.90405477e-01 3.90405477e-01 7.47994293e-02
  7.47994293e-02 2.01862487e-03 2.01862487e-03 1.27498576e-05
  1.27498576e-05 1.27498576e-05 1.27498576e-05 1.27498576e-05
  1.27498576e-05]
 [4.99346233e-01 4.99346233e-01 4.99252295e-01 4.99252295e-01
  3.98965235e-01 3.98965235e-01 9.90724831e-02 9.32003989e-02
  2.17694599e-04 2.22742935e-05 2.22742935e-05 2.22742935e-05
  2.22742935e-05 1.04377386e-05 1.04377386e-05 1.04377386e-05
  1.04377386e-05]
 [4.99986884e-01 4.99717092e-01 4.99717092e-01 2.85293474e-01
  1.35356418e-01 1.35356418e-01 2.72344389e-02 2.73340544e-03
  2.73340544e-03 2.73340544e-03 2.61694301e-06 2.61694301e-06
  2.61694301e-06 2.61694301e-06 2.61694301e-06 2.61694301e-06
  2.61694301e-06]
 [4.99967253e-01 7.28838585e-02 7.28838585e-02 7.28838585e-02
  7.28838585e-02 7.28838585e-02 2.14065631e-03 3.13682288e-04
  3.13682288e-04 3.13682288e-04 3.13682288e-04 3.13682288e-04
  3.13682288e-04 3.13682288e-04 3.13682288e-04 3.13682288e-04
  3.13682288e-04]]

VAR Regret Mean [4.99024527e-01 3.92184558e-01 3.92165771e-01 3.48776471e-01
 2.84645369e-01 1.99524043e-01 1.03772456e-01 3.42112284e-02
 1.56146876e-02 1.01944262e-03 4.73284917e-04 7.21099147e-05
 7.21099147e-05 6.79964413e-05 6.79964413e-05 6.79964413e-05
 6.79964413e-05]

VAR Regret Deviation_std_err
 [2.48908233e-04 4.00471579e-02 4.00442015e-02 3.85336301e-02
 3.61788106e-02 4.00255644e-02 3.58320391e-02 9.96275311e-03
 7.18124982e-03 2.75446445e-04 1.89545525e-04 2.93353938e-05
 2.93353938e-05 2.98146424e-05 2.98146424e-05 2.98146424e-05
 2.98146424e-05]


Total EI Multi Regret
 [[4.98570131e-01 4.98570131e-01 4.98493896e-01 4.98476522e-01
  4.98476522e-01 4.95701992e-01 4.95701992e-01 4.95701992e-01
  4.95701992e-01 4.95701992e-01 4.95701992e-01 1.07313886e-02
  1.07313886e-02 1.07313886e-02 1.07313886e-02 1.07313886e-02
  2.89145114e-03]
 [4.97252136e-01 3.90405477e-01 3.90405477e-01 3.90405477e-01
  3.90405477e-01 3.90405477e-01 3.90405477e-01 3.90405477e-01
  3.90405477e-01 3.90405477e-01 5.79694576e-03 5.79694576e-03
  5.79694576e-03 5.79694576e-03 5.79694576e-03 5.79694576e-03
  5.79694576e-03]
 [4.99346233e-01 4.99346233e-01 4.99171024e-01 4.99171024e-01
  4.99171024e-01 4.96054293e-01 4.96054293e-01 4.95701992e-01
  4.95701992e-01 4.95701992e-01 4.95701992e-01 4.95701992e-01
  4.95701992e-01 4.95701992e-01 4.95701992e-01 4.95701992e-01
  4.95701992e-01]
 [4.99986884e-01 4.99717092e-01 4.99541427e-01 4.98070470e-01
  4.98070470e-01 4.76058329e-01 4.76058329e-01 4.76058329e-01
  1.80177794e-01 1.80177794e-01 1.80177794e-01 1.80177794e-01
  1.80177794e-01 1.80177794e-01 1.80177794e-01 1.80177794e-01
  1.80177794e-01]
 [4.99967253e-01 7.28838585e-02 7.28838585e-02 7.28838585e-02
  7.28838585e-02 7.28838585e-02 7.28838585e-02 7.28838585e-02
  7.28838585e-02 7.28838585e-02 7.28838585e-02 7.28838585e-02
  7.28838585e-02 7.28838585e-02 2.45106941e-06 2.45106941e-06
  2.45106941e-06]]

Multi Regret Mean [0.49902453 0.39218456 0.39209914 0.39180147 0.39180147 0.38622079
 0.38622079 0.38615033 0.32697422 0.32697422 0.25005252 0.1530584
 0.1530584  0.1530584  0.13848211 0.13848211 0.13691413]

Multi Regret Deviation_std_err
 [0.00024891 0.04004716 0.04003371 0.03998695 0.03998695 0.03915548
 0.03915548 0.03914386 0.04159649 0.04159649 0.0504823  0.04426006
 0.04426006 0.04426006 0.04632961 0.04632961 0.04658946]


Total EI ARD Regret
 [[4.98570131e-01 4.98570131e-01 4.98570131e-01 4.95701992e-01
  4.95701992e-01 4.95701992e-01 4.95701992e-01 4.95701992e-01
  4.95701992e-01 4.95701992e-01 4.95701992e-01 4.95701992e-01
  4.95701992e-01 4.95701992e-01 4.95701992e-01 4.95701992e-01
  4.95701992e-01]
 [4.97252136e-01 3.90405477e-01 3.90405477e-01 3.90405477e-01
  3.90405477e-01 3.90405477e-01 3.90405477e-01 6.01425140e-02
  6.01425140e-02 6.01425140e-02 6.01425140e-02 6.01425140e-02
  6.01425140e-02 6.01425140e-02 6.01425140e-02 6.01425140e-02
  6.01425140e-02]
 [4.99346233e-01 4.99346233e-01 4.98829696e-01 4.95701992e-01
  4.95701992e-01 4.95701992e-01 4.95701992e-01 4.95701992e-01
  4.95701992e-01 4.95701992e-01 4.95701992e-01 4.95701992e-01
  4.95701992e-01 4.95701992e-01 4.95701992e-01 4.95701992e-01
  4.95701992e-01]
 [4.99986884e-01 4.99717092e-01 4.97809482e-01 4.97809482e-01
  4.97809482e-01 4.95918097e-01 2.97406912e-01 6.34460809e-02
  6.34460809e-02 6.34460809e-02 3.39405180e-02 3.39405180e-02
  1.69379367e-04 1.69379367e-04 1.69379367e-04 1.69379367e-04
  1.69379367e-04]
 [4.99967253e-01 7.28838585e-02 7.28838585e-02 7.28838585e-02
  7.28838585e-02 7.28838585e-02 7.28838585e-02 7.28838585e-02
  7.28838585e-02 7.28838585e-02 7.28838585e-02 7.28838585e-02
  7.28838585e-02 5.48970890e-03 5.48970890e-03 5.48970890e-03
  5.48970890e-03]]

ARD Regret Mean [0.49902453 0.39218456 0.39169973 0.39050056 0.39050056 0.39012228
 0.35042005 0.23757529 0.23757529 0.23757529 0.23167417 0.23167417
 0.22491995 0.21144112 0.21144112 0.21144112 0.21144112]

ARD Regret Deviation_std_err
 [0.00024891 0.04004716 0.03997096 0.03978328 0.03978328 0.03972363
 0.03814049 0.05112677 0.05112677 0.05112677 0.05237393 0.05237393
 0.05395262 0.05652188 0.05652188 0.05652188 0.05652188]


Total EI FIX Regret
 [[0.49857013 0.49857013 0.49857013 0.49570199 0.49570199 0.49570199
  0.49570199 0.49570199 0.49570199 0.49570199 0.49570199 0.49570199
  0.49570199 0.49570199 0.49570199 0.49570199 0.49570199]
 [0.49725214 0.39040548 0.39040548 0.39040548 0.39040548 0.2499446
  0.2499446  0.2499446  0.2499446  0.2499446  0.2499446  0.2499446
  0.2499446  0.2499446  0.2499446  0.2499446  0.2499446 ]
 [0.49934623 0.49934623 0.49570199 0.49570199 0.49570199 0.49570199
  0.49570199 0.49570199 0.49570199 0.49570199 0.49570199 0.49570199
  0.49570199 0.45242208 0.45242208 0.45242208 0.45242208]
 [0.49998688 0.49971709 0.49570199 0.49570199 0.49570199 0.09737314
  0.09737314 0.09737314 0.09737314 0.09737314 0.09737314 0.09737314
  0.09737314 0.09737314 0.09737314 0.09737314 0.09737314]
 [0.49996725 0.07288386 0.07288386 0.07288386 0.04821775 0.03418766
  0.03418766 0.03418766 0.03418766 0.03418766 0.03418766 0.03418766
  0.03418766 0.03418766 0.03418766 0.03418766 0.03418766]]

FIX Regret Mean [0.49902453 0.39218456 0.39065269 0.39007906 0.38514584 0.27458188
 0.27458188 0.27458188 0.27458188 0.27458188 0.27458188 0.27458188
 0.27458188 0.26592589 0.26592589 0.26592589 0.26592589]

FIX Regret Deviation_std_err
 [0.00024891 0.04004716 0.03980747 0.03971687 0.04203866 0.04697778
 0.04697778 0.04697778 0.04697778 0.04697778 0.04697778 0.04697778
 0.04697778 0.04471425 0.04471425 0.04471425 0.04471425]