
Start time:  234737_08092020 
kernel_type:  SE 	number_of_test_datapoints:  500 	noise: 0.0 	random_seed: 500 
linspacexmin: 0 	linspacexmax: 15 	linspaceymin: -0.5 	linspaceymax: 1.5 
signal_variance: 1 	number_of_dimensions: 1 	number_of_observed_samples: 40 
hyper_params_estimation: False 	number_of_restarts_likelihood: 100 	lengthscale_bounds: [[0.1, 1]] 	signal_variance_bounds: [0.1, 1] 
Xmin: 0 	Xmax: 15 	ymin: -0.5 	ymax: 1.5 	char_len_scale: 0.2 	len_weights: [0.1, 0.3, 0.2] 	len_weights_bounds: [[0.1, 5], [0.1, 5], [0.1, 5], [0.1, 5]] 	weight_params_estimation: False 
X: [[0.        ]
 [0.01754386]
 [0.03508772]
 [0.05263158]
 [0.07017544]
 [0.0877193 ]
 [0.10526316]
 [0.12280702]
 [0.14035088]
 [0.15789474]
 [0.1754386 ]
 [0.19298246]
 [0.21052632]
 [0.22807018]
 [0.24561404]
 [0.26315789]
 [0.28070175]
 [0.29824561]
 [0.31578947]
 [0.33333333]
 [0.66666667]
 [0.68421053]
 [0.70175439]
 [0.71929825]
 [0.73684211]
 [0.75438596]
 [0.77192982]
 [0.78947368]
 [0.80701754]
 [0.8245614 ]
 [0.84210526]
 [0.85964912]
 [0.87719298]
 [0.89473684]
 [0.9122807 ]
 [0.92982456]
 [0.94736842]
 [0.96491228]
 [0.98245614]
 [1.        ]] 	y: [[0.75      ]
 [0.69434086]
 [0.54968733]
 [0.37226981]
 [0.22567143]
 [0.15230629]
 [0.15728299]
 [0.2117677 ]
 [0.27227002]
 [0.3042246 ]
 [0.29714314]
 [0.26458675]
 [0.23132681]
 [0.21685692]
 [0.22519457]
 [0.2458135 ]
 [0.26321091]
 [0.2677118 ]
 [0.26041766]
 [0.25      ]
 [0.75      ]
 [0.71214541]
 [0.57415686]
 [0.38758534]
 [0.22149933]
 [0.13071287]
 [0.13181188]
 [0.19901425]
 [0.28115363]
 [0.32983873]
 [0.32336358]
 [0.27411706]
 [0.21698475]
 [0.18681818]
 [0.19847271]
 [0.24039156]
 [0.28413357]
 [0.3028938 ]
 [0.28739913]
 [0.25      ]] 


Kernel:  SE 
!!!!!!!!!!Gaussian Process Started!!!!!!!!! 
Hyper Params estimating.. 
New maximum log likelihood  [[19.46306556]]  found for l=  [0.1]  var: 1.0 
Opt Length scale:  [0.1] 
Opt variance:  1.0 
1.0 
SE Mean: [0.75000031 0.74923201 0.7469719  0.74323022 0.73802578 0.73138571
 0.72334529 0.71394762 0.70324334 0.69129021 0.67815275 0.66390173
 0.64861374 0.63237059 0.61525885 0.59736918 0.57879578 0.55963577
 0.53998854 0.5199551  0.49963746 0.47913795 0.4585586  0.43800048
 0.41756309 0.39734376 0.37743703 0.35793412 0.33892237 0.32048474
 0.30269935 0.28563904 0.26937099 0.25395634 0.23944994 0.22590002
 0.21334806 0.20182857 0.191369   0.18198968 0.17370383 0.16651755
 0.16042994 0.15543326 0.15151303 0.14864836 0.14681212 0.14597133
 0.14608742 0.14711668 0.14901065 0.15171652 0.15517762 0.15933392
 0.16412246 0.16947792 0.17533314 0.18161956 0.18826785 0.19520835
 0.20237161 0.20968887 0.2170926  0.22451689 0.23189794 0.23917448
 0.24628814 0.25318385 0.25981011 0.26611936 0.27206819 0.27761757
 0.28273304 0.28738487 0.29154812 0.29520275 0.29833363 0.30093051
 0.30298797 0.30450536 0.30548663 0.3059402  0.30587875 0.30531899
 0.30428143 0.3027901  0.30087223 0.29855794 0.29587993 0.29287308
 0.28957414 0.28602134 0.28225403 0.27831228 0.27423658 0.27006738
 0.26584482 0.26160835 0.25739641 0.25324611 0.24919294 0.24527051
 0.24151029 0.23794138 0.23459032 0.23148093 0.22863417 0.22606797
 0.22379724 0.22183375 0.22018613 0.21885984 0.21785728 0.21717776
 0.21681766 0.21677049 0.21702706 0.21757562 0.21840205 0.21949003
 0.22082128 0.22237578 0.22413199 0.2260671  0.22815728 0.23037795
 0.23270401 0.23511012 0.23757091 0.24006127 0.24255657 0.24503288
 0.24746718 0.24983758 0.25212348 0.25430576 0.25636692 0.25829121
 0.26006474 0.26167556 0.26311374 0.26437141 0.26544279 0.26632418
 0.26701396 0.26751252 0.26782224 0.26794737 0.26789399 0.26766984
 0.26728422 0.26674787 0.26607279 0.26527208 0.2643598  0.26335077
 0.26226038 0.26110445 0.25989903 0.25866019 0.25740389 0.25614579
 0.2549011  0.25368439 0.25250949 0.25138933 0.25033584 0.24935981
 0.24847085 0.24767729 0.2469861  0.24640288 0.24593183 0.24557575
 0.24533602 0.24521265 0.24520431 0.24530841 0.24552115 0.2458376
 0.24625183 0.24675699 0.24734543 0.24800884 0.24873838 0.24952483
 0.25035869 0.25123038 0.25213036 0.25304924 0.25397798 0.25490798
 0.25583122 0.25674036 0.25762889 0.2584912  0.25932265 0.26011966
 0.26087979 0.26160174 0.26228539 0.26293183 0.26354332 0.26412331
 0.26467634 0.26520806 0.26572508 0.26623495 0.26674602 0.26726735
 0.26780853 0.26837964 0.268991   0.2696531  0.27037637 0.27117106
 0.27204706 0.27301374 0.27407975 0.2752529  0.27653997 0.27794655
 0.27947695 0.28113401 0.28291898 0.28483147 0.28686929 0.28902843
 0.29130297 0.29368507 0.29616491 0.29873076 0.30136894 0.30406394
 0.3067984  0.30955329 0.31230798 0.31504038 0.31772709 0.32034362
 0.3228645  0.32526359 0.32751423 0.3295895  0.33146252 0.33310664
 0.33449575 0.33560456 0.33640887 0.33688583 0.33701424 0.33677483
 0.33615051 0.33512661 0.33369114 0.33183505 0.32955238 0.32684047
 0.32370017 0.32013593 0.31615595 0.31177226 0.30700078 0.30186137
 0.29637781 0.29057776 0.28449273 0.27815795 0.27161224 0.26489786
 0.2580603  0.25114805 0.24421234 0.23730686 0.23048743 0.22381166
 0.21733856 0.21112821 0.20524128 0.19973865 0.19468098 0.19012822
 0.18613917 0.18277108 0.18007909 0.17811586 0.17693109 0.17657108
 0.17707832 0.1784911  0.18084307 0.18416295 0.18847417 0.19379455
 0.20013608 0.20750463 0.21589982 0.22531482 0.23573627 0.24714421
 0.25951204 0.27280657 0.28698807 0.30201042 0.31782125 0.33436216
 0.35156898 0.36937206 0.38769664 0.4064632  0.42558793 0.44498312
 0.46455774 0.48421787 0.50386734 0.52340824 0.54274153 0.56176764
 0.58038711 0.59850121 0.61601255 0.63282571 0.64884788 0.66398944
 0.6781646  0.69129191 0.70329488 0.71410245 0.7236495  0.73187732
 0.73873401 0.74417486 0.74816268 0.7506681  0.75166976 0.75115455
 0.74911769 0.74556282 0.74050201 0.73395574 0.7259528  0.71653012
 0.70573259 0.69361279 0.68023069 0.66565326 0.64995412 0.63321304
 0.61551544 0.59695193 0.57761764 0.5576117  0.5370366  0.51599751
 0.49460166 0.47295764 0.45117469 0.42936207 0.40762833 0.3860806
 0.36482401 0.34396093 0.3235904  0.30380751 0.28470278 0.26636166
 0.248864   0.23228354 0.21668756 0.20213643 0.1886833  0.17637383
 0.16524593 0.15532963 0.14664694 0.13921177 0.13302996 0.12809931
 0.12440968 0.12194317 0.12067433 0.1205704  0.12159168 0.12369182
 0.12681829 0.13091276 0.13591165 0.14174659 0.14834499 0.15563062
 0.16352415 0.1719438  0.18080596 0.19002577 0.19951778 0.20919659
 0.21897739 0.22877667 0.23851271 0.24810621 0.2574808  0.26656359
 0.27528561 0.28358228 0.29139383 0.29866564 0.3053486  0.31139935
 0.31678054 0.32146101 0.32541591 0.32862679 0.33108166 0.33277491
 0.33370732 0.3338859  0.33332373 0.33203977 0.33005862 0.32741019
 0.32412942 0.32025588 0.3158334  0.31090965 0.30553564 0.29976535
 0.29365514 0.28726331 0.28064961 0.27387466 0.2669995  0.26008505
 0.25319163 0.24637843 0.2397031  0.23322121 0.22698591 0.22104744
 0.21545281 0.21024541 0.20546473 0.20114606 0.19732025 0.19401354
 0.19124736 0.18903824 0.18739771 0.1863323  0.18584352 0.18592792
 0.18657719 0.18777825 0.1895135  0.19176092 0.19449441 0.19768398
 0.2012961  0.20529401 0.20963805 0.21428609 0.21919384 0.22431531
 0.2296032  0.23500931 0.24048498 0.24598149 0.25145051 0.25684448
 0.26211701 0.26722327 0.27212038 0.27676772 0.2811273  0.285164
 0.2888459  0.2921445  0.29503493 0.29749611 0.29951095 0.30106638
 0.30215351 0.30276758 0.30290804 0.30257846 0.30178647 0.30054367
 0.29886549 0.296771   0.29428271 0.29142637 0.28823066 0.28472696
 0.28094902 0.27693261 0.27271525 0.26833578 0.26383404 0.25925047
 0.25462576 0.25000044] 

Std_Dev: [9.99520865e-06 1.03245102e-05 1.25810505e-05 1.40985894e-05
 1.45549719e-05 1.41549777e-05 1.31903013e-05 1.19456160e-05
 1.06751975e-05 9.58948480e-06 8.83169461e-06 8.44672424e-06
 8.37462493e-06 8.49291679e-06 8.67645623e-06 8.83362403e-06
 8.91294369e-06 8.89608059e-06 8.78816747e-06 8.60948681e-06
 8.38833469e-06 8.15574190e-06 7.94037566e-06 7.76424857e-06
 7.64028614e-06 7.57078714e-06 7.54892738e-06 7.56152080e-06
 7.59269364e-06 7.62711682e-06 7.65217792e-06 7.65928382e-06
 7.64434652e-06 7.60715590e-06 7.55069202e-06 7.48058328e-06
 7.40367309e-06 7.32722083e-06 7.25758452e-06 7.19999839e-06
 7.15734432e-06 7.13049758e-06 7.11817880e-06 7.11739891e-06
 7.12429800e-06 7.13443571e-06 7.14382866e-06 7.14899418e-06
 7.14765072e-06 7.13857387e-06 7.12181198e-06 7.09827258e-06
 7.06988259e-06 7.03885494e-06 7.00754732e-06 6.97831895e-06
 6.95305650e-06 6.93306050e-06 6.91889814e-06 6.91042857e-06
 6.90685298e-06 6.90702979e-06 6.90943241e-06 6.91256500e-06
 6.91497372e-06 6.91566407e-06 6.91388990e-06 6.90944044e-06
 6.90244723e-06 6.89338572e-06 6.88308653e-06 6.87237612e-06
 6.86217483e-06 6.85318157e-06 6.84593629e-06 6.84072046e-06
 6.83751436e-06 6.83597165e-06 6.83569555e-06 6.83606097e-06
 6.83649946e-06 6.83653193e-06 6.83592292e-06 6.83441234e-06
 6.83221897e-06 6.82969978e-06 6.82730976e-06 6.82567528e-06
 6.82534997e-06 6.82669993e-06 6.83010617e-06 6.83543568e-06
 6.84248115e-06 6.85063768e-06 6.85930248e-06 6.86738246e-06
 6.87420138e-06 6.87899643e-06 6.88128783e-06 6.88086027e-06
 6.87806029e-06 6.87352302e-06 6.86837663e-06 6.86375209e-06
 6.86123640e-06 6.86208585e-06 6.86755220e-06 6.87832662e-06
 6.89454523e-06 6.91578447e-06 6.94082268e-06 6.96801783e-06
 6.99533739e-06 7.02055049e-06 7.04152003e-06 7.05654554e-06
 7.06460422e-06 7.06547636e-06 7.05996669e-06 7.04987149e-06
 7.03799527e-06 7.02769474e-06 7.02276408e-06 7.02677050e-06
 7.04268668e-06 7.07214354e-06 7.11514453e-06 7.16996744e-06
 7.23321305e-06 7.29992663e-06 7.36421206e-06 7.42019477e-06
 7.46258871e-06 7.48744428e-06 7.49321748e-06 7.48103593e-06
 7.45528788e-06 7.42373249e-06 7.39663683e-06 7.38623520e-06
 7.40457277e-06 7.46123476e-06 7.56094082e-06 7.70179602e-06
 7.87426622e-06 8.06222366e-06 8.24485437e-06 8.39931283e-06
 8.50436045e-06 8.54401969e-06 8.51165493e-06 8.41496820e-06
 8.28121224e-06 8.16111718e-06 8.12840246e-06 8.26709655e-06
 8.64443961e-06 9.27794449e-06 1.01189802e-05 1.10594276e-05
 1.19497000e-05 1.26142268e-05 1.28642985e-05 1.25216444e-05
 1.14886938e-05 1.00024426e-05 9.45091391e-06 1.27150221e-05
 2.08056019e-05 3.31813780e-05 4.98499534e-05 7.12446536e-05
 9.79920550e-05 1.30830512e-04 1.70582176e-04 2.18141992e-04
 2.74472151e-04 3.40598630e-04 4.17608192e-04 5.06645125e-04
 6.08907738e-04 7.25644109e-04 8.58147470e-04 1.00775072e-03
 1.17582034e-03 1.36374965e-03 1.57295146e-03 1.80484984e-03
 2.06087164e-03 2.34243708e-03 2.65095003e-03 2.98778779e-03
 3.35429029e-03 3.75174914e-03 4.18139627e-03 4.64439240e-03
 5.14181537e-03 5.67464851e-03 6.24376890e-03 6.84993598e-03
 7.49378029e-03 8.17579251e-03 8.89631311e-03 9.65552238e-03
 1.04534311e-02 1.12898723e-02 1.21644932e-02 1.30767485e-02
 1.40258947e-02 1.50109856e-02 1.60308683e-02 1.70841812e-02
 1.81693528e-02 1.92846020e-02 2.04279400e-02 2.15971728e-02
 2.27899061e-02 2.40035510e-02 2.52353313e-02 2.64822918e-02
 2.77413092e-02 2.90091027e-02 3.02822469e-02 3.15571859e-02
 3.28302480e-02 3.40976623e-02 3.53555753e-02 3.66000693e-02
 3.78271810e-02 3.90329209e-02 4.02132936e-02 4.13643177e-02
 4.24820468e-02 4.35625900e-02 4.46021330e-02 4.55969587e-02
 4.65434671e-02 4.74381958e-02 4.82778388e-02 4.90592655e-02
 4.97795380e-02 5.04359285e-02 5.10259343e-02 5.15472928e-02
 5.19979940e-02 5.23762930e-02 5.26807196e-02 5.29100871e-02
 5.30634993e-02 5.31403559e-02 5.31403558e-02 5.30634989e-02
 5.29100864e-02 5.26807187e-02 5.23762919e-02 5.19979926e-02
 5.15472911e-02 5.10259325e-02 5.04359265e-02 4.97795357e-02
 4.90592630e-02 4.82778361e-02 4.74381929e-02 4.65434641e-02
 4.55969555e-02 4.46021297e-02 4.35625865e-02 4.24820432e-02
 4.13643140e-02 4.02132899e-02 3.90329171e-02 3.78271770e-02
 3.66000653e-02 3.53555713e-02 3.40976582e-02 3.28302440e-02
 3.15571819e-02 3.02822429e-02 2.90090987e-02 2.77413053e-02
 2.64822879e-02 2.52353274e-02 2.40035473e-02 2.27899024e-02
 2.15971692e-02 2.04279365e-02 1.92845986e-02 1.81693494e-02
 1.70841780e-02 1.60308652e-02 1.50109827e-02 1.40258919e-02
 1.30767458e-02 1.21644906e-02 1.12898699e-02 1.04534288e-02
 9.65552019e-03 8.89631106e-03 8.17579059e-03 7.49377849e-03
 6.84993431e-03 6.24376734e-03 5.67464707e-03 5.14181404e-03
 4.64439117e-03 4.18139514e-03 3.75174810e-03 3.35428935e-03
 2.98778694e-03 2.65094927e-03 2.34243638e-03 2.06087102e-03
 1.80484930e-03 1.57295097e-03 1.36374924e-03 1.17581997e-03
 1.00775040e-03 8.58147207e-04 7.25643886e-04 6.08907540e-04
 5.06644981e-04 4.17608064e-04 3.40598520e-04 2.74472052e-04
 2.18141925e-04 1.70582147e-04 1.30830463e-04 9.79920102e-05
 7.12446567e-05 4.98499323e-05 3.31813780e-05 2.08055966e-05
 1.27150221e-05 9.45089042e-06 1.00024315e-05 1.14886793e-05
 1.25216311e-05 1.28642770e-05 1.26141828e-05 1.19496861e-05
 1.10594176e-05 1.01189692e-05 9.27796843e-06 8.64441393e-06
 8.26709655e-06 8.12837514e-06 8.16111037e-06 8.28118543e-06
 8.41496161e-06 8.51162884e-06 8.54399370e-06 8.50436698e-06
 8.39927317e-06 8.24481397e-06 8.06219611e-06 7.87425917e-06
 7.70178160e-06 7.56094082e-06 7.46122732e-06 7.40455778e-06
 7.38622017e-06 7.39663683e-06 7.42371753e-06 7.45530277e-06
 7.48099141e-06 7.49319526e-06 7.48743687e-06 7.46256639e-06
 7.42021722e-06 7.36421959e-06 7.29991903e-06 7.23323608e-06
 7.16995970e-06 7.11509772e-06 7.07208074e-06 7.04267880e-06
 7.02680210e-06 7.02275618e-06 7.02767894e-06 7.03796372e-06
 7.04989511e-06 7.05993524e-06 7.06545279e-06 7.06461994e-06
 7.05656127e-06 7.04152003e-06 7.02055049e-06 6.99533739e-06
 6.96800987e-06 6.94079069e-06 6.91575236e-06 6.89454523e-06
 6.87829433e-06 6.86754412e-06 6.86208585e-06 6.86121212e-06
 6.86376018e-06 6.86835239e-06 6.87353918e-06 6.87807643e-06
 6.88090061e-06 6.88125556e-06 6.87896415e-06 6.87419331e-06
 6.86739862e-06 6.85925392e-06 6.85069441e-06 6.84248926e-06
 6.83546004e-06 6.83008178e-06 6.82673245e-06 6.82532557e-06
 6.82565902e-06 6.82730163e-06 6.82971604e-06 6.83220272e-06
 6.83439610e-06 6.83588232e-06 6.83659689e-06 6.83650758e-06
 6.83606909e-06 6.83571991e-06 6.83598789e-06 6.83753059e-06
 6.84072857e-06 6.84598495e-06 6.85318967e-06 6.86218292e-06
 6.87239228e-06 6.88307847e-06 6.89340183e-06 6.90247136e-06
 6.90942437e-06 6.91390596e-06 6.91569618e-06 6.91494964e-06
 6.91252485e-06 6.90946454e-06 6.90702175e-06 6.90686905e-06
 6.91045266e-06 6.91892221e-06 6.93304449e-06 6.95307247e-06
 6.97834281e-06 7.00753148e-06 7.03880762e-06 7.06987473e-06
 7.09829604e-06 7.12181977e-06 7.13855831e-06 7.14762743e-06
 7.14902524e-06 7.14381312e-06 7.13445128e-06 7.12429800e-06
 7.11744570e-06 7.11817880e-06 7.13058321e-06 7.15732881e-06
 7.20000610e-06 7.25759981e-06 7.32718295e-06 7.40368809e-06
 7.48059812e-06 7.55067731e-06 7.60712671e-06 7.64436831e-06
 7.65934181e-06 7.65215615e-06 7.62710954e-06 7.59272288e-06
 7.56152814e-06 7.54894209e-06 7.57078714e-06 7.64027888e-06
 7.76426287e-06 7.94035468e-06 8.15571467e-06 8.38832146e-06
 8.60946746e-06 8.78818642e-06 8.89606811e-06 8.91291255e-06
 8.83364288e-06 8.67645623e-06 8.49294293e-06 8.37466470e-06
 8.44676367e-06 8.83170089e-06 9.58945007e-06 1.06751715e-05
 1.19456207e-05 1.31903182e-05 1.41550169e-05 1.45549566e-05
 1.40985658e-05 1.25810461e-05 1.03245155e-05 9.99520310e-06] 


Kernel:  MATERN3 
!!!!!!!!!!Gaussian Process Started!!!!!!!!! 
Hyper Params estimating.. 
New maximum log likelihood  [[70.2324477]]  found for l=  [0.3391645]  var: 0.9095652313277689 
New maximum log likelihood  [[70.294028]]  found for l=  [0.33419766]  var: 0.8862082361736486 
New maximum log likelihood  [[71.22324665]]  found for l=  [0.22980587]  var: 0.5185098213637886 
New maximum log likelihood  [[71.24407971]]  found for l=  [0.21452812]  var: 0.47404016603139487 
Opt Length scale:  [0.21452812] 
Opt variance:  0.47404016603139487 
0.47404016603139487 
MATERN3 Mean: [0.75       0.74663813 0.74283182 0.7384359  0.7333048  0.72729255
 0.72025265 0.712038   0.70250087 0.69149347 0.67895861 0.66501785
 0.64981293 0.63348485 0.61617402 0.59802026 0.57916291 0.55974092
 0.53989193 0.5197305  0.49934763 0.47883311 0.45827661 0.43776778
 0.41739624 0.39725165 0.37742377 0.35800114 0.33906031 0.32067153
 0.30290525 0.28583222 0.26952354 0.2540507  0.2394856  0.22590059
 0.21335749 0.20187213 0.19144864 0.18209166 0.17380639 0.1665986
 0.16047457 0.15544117 0.1515057  0.14865844 0.1468539  0.14604266
 0.14617581 0.14720493 0.14908204 0.1517596  0.1551905  0.15932751
 0.16411168 0.16947135 0.17533455 0.18162954 0.18828481 0.19522902
 0.20239096 0.20969953 0.21708465 0.22448561 0.23184691 0.23911307
 0.24622853 0.25313765 0.25978468 0.26611368 0.27206856 0.27759929
 0.28268358 0.28730669 0.29145358 0.29510898 0.2982573  0.30088271
 0.30296906 0.30449995 0.30547086 0.30590323 0.3058217  0.30525057
 0.30421389 0.30273543 0.30083873 0.29854707 0.29588382 0.29288087
 0.28957977 0.28602239 0.28225045 0.27830552 0.2742291  0.27006258
 0.26584727 0.26162391 0.25742759 0.25329013 0.24924328 0.24531884
 0.24154867 0.23796466 0.23459883 0.23148324 0.22864626 0.22609826
 0.22384448 0.2218903  0.22024121 0.21890289 0.21788113 0.21718189
 0.21681125 0.21676838 0.21703657 0.21759702 0.21843107 0.21952018
 0.22084596 0.22239009 0.22413438 0.22606059 0.22814692 0.23036736
 0.2326957  0.23510576 0.23757142 0.24006654 0.242565   0.24504065
 0.24746789 0.24982726 0.25210304 0.25427951 0.2563409  0.25827132
 0.26005485 0.26167542 0.2631169  0.26436568 0.26542116 0.26628668
 0.26696544 0.26746055 0.267775   0.26791164 0.26787325 0.26766248
 0.26728499 0.26675382 0.26608295 0.26528631 0.26437773 0.26337096
 0.26227969 0.26111754 0.25989816 0.25863777 0.25735583 0.25607192
 0.25480565 0.25357659 0.25240432 0.25130844 0.25030856 0.24942327
 0.24865863 0.2480127  0.24748344 0.24706885 0.24676696 0.24657587
 0.2464937  0.24651862 0.24664884 0.2468826  0.24721818 0.2476539
 0.24818812 0.24881922 0.24954562 0.25036578 0.25127819 0.25228136
 0.25337385 0.25455423 0.2558211  0.25717311 0.25860891 0.26012719
 0.26172666 0.26340606 0.26516416 0.26699973 0.26891159 0.27089857
 0.2729595  0.27509327 0.27729876 0.27957489 0.28192056 0.28433474
 0.28681638 0.28936446 0.29197795 0.29465589 0.29739727 0.30020113
 0.30306652 0.30599249 0.30897811 0.31202246 0.31512461 0.31828368
 0.32149876 0.32476896 0.32809341 0.33147122 0.33490153 0.33838346
 0.34191617 0.34549878 0.34913045 0.35281032 0.35653754 0.36031126
 0.36413063 0.36799479 0.37190289 0.37585408 0.37984749 0.38388227
 0.38795754 0.39207243 0.39622607 0.40041758 0.40464605 0.40891059
 0.41321029 0.41754424 0.4219115  0.42631113 0.43074219 0.4352037
 0.43969469 0.44421416 0.44876112 0.45333453 0.45793335 0.46255653
 0.46720299 0.47187162 0.47656132 0.48127095 0.48599934 0.49074531
 0.49550765 0.50028513 0.5050765  0.50988046 0.51469569 0.51952087
 0.52435461 0.52919551 0.53404213 0.53889301 0.54374663 0.54860147
 0.55345594 0.55830842 0.56315728 0.5680008  0.57283727 0.57766489
 0.58248186 0.58728629 0.59207629 0.59684989 0.60160508 0.6063398
 0.61105194 0.61573933 0.62039975 0.62503092 0.62963052 0.63419614
 0.63872534 0.64321558 0.6476643  0.65206885 0.6564265  0.66073448
 0.66498993 0.66918992 0.67333146 0.67741145 0.68142674 0.6853741
 0.68925021 0.69305165 0.69677495 0.70041652 0.70397269 0.70743969
 0.71081368 0.7140907  0.71726669 0.7203375  0.72329887 0.72614642
 0.72887569 0.73148209 0.73396092 0.73630735 0.73851645 0.74058315
 0.74250228 0.74426852 0.74587642 0.7473204  0.74859475 0.74969362
 0.75061099 0.75134074 0.75187655 0.752212   0.75234046 0.75225518
 0.75194922 0.7514155  0.75064675 0.74963451 0.74830982 0.74650992
 0.74406371 0.74079971 0.73654595 0.73112991 0.72437838 0.71611743
 0.7061824  0.69457258 0.68142047 0.6668616  0.65103074 0.63406194
 0.61608858 0.59724352 0.57765909 0.55746417 0.53676658 0.51566519
 0.4942586  0.4726452  0.45092325 0.42919091 0.40754631 0.38608759
 0.36491149 0.34411003 0.32377442 0.3039961  0.28486679 0.26647851
 0.24892366 0.23229505 0.21668559 0.20216304 0.18875402 0.17648189
 0.1653706  0.1554447  0.14672935 0.13925032 0.13303403 0.12810538
 0.12445207 0.1220302  0.12079547 0.1207042  0.12171329 0.12378022
 0.12686301 0.1309202  0.13590688 0.14175    0.14836437 0.15566517
 0.1635679  0.17198837 0.18084266 0.19004705 0.19951802 0.20917304
 0.2189328  0.22871868 0.23845205 0.24805425 0.25744652 0.26654999
 0.27528562 0.28357435 0.29135304 0.29858584 0.30523924 0.31127943
 0.31667224 0.32138317 0.32537731 0.32861936 0.33107522 0.33274056
 0.33363755 0.3337889  0.33321689 0.33194342 0.32998998 0.32737768
 0.32412727 0.32026237 0.31583095 0.31089203 0.30550442 0.29972666
 0.29361709 0.28723382 0.28063483 0.27387794 0.26702087 0.26012111
 0.25323612 0.24642333 0.2397402  0.23324423 0.22699301 0.22104425
 0.21545565 0.21027333 0.20552251 0.20122647 0.19740872 0.19409297
 0.19130323 0.18906373 0.187399   0.18633271 0.18586592 0.18597856
 0.18665004 0.18786004 0.18958852 0.1918157  0.19452202 0.19768819
 0.2012929  0.2052968  0.20965194 0.21431046 0.21922465 0.22434694
 0.22962981 0.23502585 0.24048768 0.24596848 0.25142351 0.25680851
 0.26207915 0.26719103 0.27209966 0.2767604  0.28112848 0.28515906
 0.28881731 0.2920874  0.29495537 0.29740704 0.29942798 0.30100351
 0.30211872 0.30275842 0.30290794 0.3025701  0.30176474 0.30051217
 0.29883243 0.29674533 0.29427045 0.29142714 0.28823454 0.28471358
 0.2809023  0.27684732 0.27259521 0.2681924  0.26368524 0.25911997
 0.25454283 0.25      ] 

Std_Dev: [9.99999903e-06 2.60234404e-03 4.45556316e-03 5.57590062e-03
 5.99098409e-03 5.74091795e-03 4.87983938e-03 3.47821028e-03
 1.62625292e-03 5.43993196e-04 2.51208458e-03 4.00855192e-03
 4.96034530e-03 5.32567899e-03 5.09116576e-03 4.27101989e-03
 2.90808728e-03 1.07699732e-03 1.04042209e-03 2.87206059e-03
 4.23183400e-03 5.04666728e-03 5.27609833e-03 4.90929097e-03
 3.96428701e-03 2.48927986e-03 5.66309646e-04 1.52615219e-03
 3.24895458e-03 4.47999884e-03 5.15410142e-03 5.23786833e-03
 4.72726741e-03 3.64734812e-03 2.05402857e-03 3.96781126e-05
 1.98978827e-03 3.59964183e-03 4.69863972e-03 5.22973195e-03
 5.16684615e-03 4.51302379e-03 3.30063194e-03 1.59371121e-03
 4.92000532e-04 2.42814765e-03 3.91962369e-03 4.88317778e-03
 5.26966498e-03 5.06025070e-03 4.26508143e-03 2.92399372e-03
 1.10946832e-03 1.00276330e-03 2.83950156e-03 4.20761996e-03
 5.03278310e-03 5.27353231e-03 4.91819398e-03 3.98406275e-03
 2.51861945e-03 6.03163382e-04 1.49189872e-03 3.22240422e-03
 4.46270992e-03 5.14699504e-03 5.24130552e-03 4.74108058e-03
 3.67083504e-03 2.08590644e-03 7.73528602e-05 1.95746555e-03
 3.57556179e-03 4.68410852e-03 5.22547855e-03 5.17307660e-03
 4.52943594e-03 3.32639475e-03 1.62740254e-03 4.54746933e-04
 2.39771196e-03 3.89781449e-03 4.87114644e-03 5.26800567e-03
 5.06904330e-03 4.28389710e-03 2.95186464e-03 1.14481219e-03
 9.66973003e-04 2.81104637e-03 4.18812989e-03 5.02326598e-03
 5.27445338e-03 4.92950894e-03 4.00521467e-03 2.54849879e-03
 6.40015712e-04 1.45772029e-03 3.19602593e-03 4.44559789e-03
 5.14001857e-03 5.24480308e-03 4.75488357e-03 3.69425608e-03
 2.11768903e-03 1.15354039e-04 1.92503070e-03 3.55134819e-03
 4.66942662e-03 5.22106301e-03 5.17914054e-03 4.54568577e-03
 3.35200966e-03 1.66097280e-03 4.17396113e-04 2.36714052e-03
 3.87584460e-03 4.85893952e-03 5.26616496e-03 5.07765740e-03
 4.30254605e-03 2.97959026e-03 1.18004355e-03 9.31073930e-04
 2.78245063e-03 4.16848092e-03 5.01358247e-03 5.27520966e-03
 4.94066828e-03 4.02622634e-03 2.57825811e-03 6.76772284e-04
 1.42344374e-03 3.16956735e-03 4.42845247e-03 5.13307450e-03
 5.24840378e-03 4.76884618e-03 3.71785305e-03 2.14958811e-03
 1.53393285e-04 1.89291176e-03 3.52818326e-03 4.65676039e-03
 5.21972895e-03 5.18924597e-03 4.56654223e-03 3.38200121e-03
 1.69733613e-03 3.80833891e-04 2.34489783e-03 3.87369141e-03
 4.88076631e-03 5.31319332e-03 5.14747535e-03 4.38787413e-03
 3.06660602e-03 1.24595330e-03 9.27396112e-04 2.90333051e-03
 4.46350863e-03 5.51043133e-03 5.96806213e-03 5.77785050e-03
 4.89611945e-03 3.29230385e-03 9.47784238e-04 2.04762335e-03
 5.35492509e-03 8.90807730e-03 1.26719603e-02 1.66170841e-02
 2.07182486e-02 2.49536184e-02 2.93040581e-02 3.37526419e-02
 3.82842810e-02 4.28854361e-02 4.75438900e-02 5.22485660e-02
 5.69893797e-02 6.17571173e-02 6.65433342e-02 7.13402699e-02
 7.61407753e-02 8.09382508e-02 8.57265927e-02 9.05001469e-02
 9.52536681e-02 9.99822841e-02 1.04681464e-01 1.09346991e-01
 1.13974935e-01 1.18561633e-01 1.23103668e-01 1.27597848e-01
 1.32041195e-01 1.36430924e-01 1.40764433e-01 1.45039288e-01
 1.49253216e-01 1.53404087e-01 1.57489911e-01 1.61508827e-01
 1.65459092e-01 1.69339077e-01 1.73147258e-01 1.76882210e-01
 1.80542598e-01 1.84127177e-01 1.87634783e-01 1.91064325e-01
 1.94414786e-01 1.97685218e-01 2.00874732e-01 2.03982501e-01
 2.07007753e-01 2.09949768e-01 2.12807874e-01 2.15581448e-01
 2.18269908e-01 2.20872711e-01 2.23389355e-01 2.25819373e-01
 2.28162330e-01 2.30417824e-01 2.32585483e-01 2.34664960e-01
 2.36655936e-01 2.38558117e-01 2.40371230e-01 2.42095024e-01
 2.43729269e-01 2.45273752e-01 2.46728280e-01 2.48092676e-01
 2.49366777e-01 2.50550436e-01 2.51643521e-01 2.52645911e-01
 2.53557498e-01 2.54378188e-01 2.55107895e-01 2.55746545e-01
 2.56294075e-01 2.56750431e-01 2.57115568e-01 2.57389451e-01
 2.57572054e-01 2.57663360e-01 2.57663360e-01 2.57572054e-01
 2.57389451e-01 2.57115568e-01 2.56750431e-01 2.56294075e-01
 2.55746545e-01 2.55107895e-01 2.54378188e-01 2.53557498e-01
 2.52645911e-01 2.51643521e-01 2.50550436e-01 2.49366777e-01
 2.48092676e-01 2.46728280e-01 2.45273752e-01 2.43729269e-01
 2.42095024e-01 2.40371230e-01 2.38558117e-01 2.36655936e-01
 2.34664960e-01 2.32585483e-01 2.30417824e-01 2.28162330e-01
 2.25819373e-01 2.23389355e-01 2.20872711e-01 2.18269908e-01
 2.15581448e-01 2.12807874e-01 2.09949768e-01 2.07007753e-01
 2.03982501e-01 2.00874732e-01 1.97685218e-01 1.94414786e-01
 1.91064325e-01 1.87634783e-01 1.84127177e-01 1.80542598e-01
 1.76882210e-01 1.73147258e-01 1.69339077e-01 1.65459092e-01
 1.61508827e-01 1.57489911e-01 1.53404087e-01 1.49253216e-01
 1.45039288e-01 1.40764433e-01 1.36430924e-01 1.32041195e-01
 1.27597848e-01 1.23103668e-01 1.18561633e-01 1.13974935e-01
 1.09346991e-01 1.04681464e-01 9.99822841e-02 9.52536681e-02
 9.05001469e-02 8.57265927e-02 8.09382508e-02 7.61407753e-02
 7.13402699e-02 6.65433342e-02 6.17571173e-02 5.69893797e-02
 5.22485660e-02 4.75438900e-02 4.28854361e-02 3.82842810e-02
 3.37526419e-02 2.93040581e-02 2.49536184e-02 2.07182486e-02
 1.66170841e-02 1.26719603e-02 8.90807730e-03 5.35492509e-03
 2.04762335e-03 9.47784238e-04 3.29230385e-03 4.89611945e-03
 5.77785050e-03 5.96806213e-03 5.51043133e-03 4.46350863e-03
 2.90333051e-03 9.27396112e-04 1.24595330e-03 3.06660602e-03
 4.38787413e-03 5.14747535e-03 5.31319332e-03 4.88076631e-03
 3.87369141e-03 2.34489783e-03 3.80833891e-04 1.69733613e-03
 3.38200121e-03 4.56654223e-03 5.18924597e-03 5.21972895e-03
 4.65676039e-03 3.52818326e-03 1.89291176e-03 1.53393285e-04
 2.14958811e-03 3.71785305e-03 4.76884618e-03 5.24840378e-03
 5.13307450e-03 4.42845247e-03 3.16956735e-03 1.42344374e-03
 6.76772284e-04 2.57825811e-03 4.02622634e-03 4.94066828e-03
 5.27520966e-03 5.01358247e-03 4.16848092e-03 2.78245063e-03
 9.31073930e-04 1.18004355e-03 2.97959026e-03 4.30254605e-03
 5.07765740e-03 5.26616496e-03 4.85893952e-03 3.87584460e-03
 2.36714052e-03 4.17396113e-04 1.66097280e-03 3.35200966e-03
 4.54568577e-03 5.17914054e-03 5.22106301e-03 4.66942662e-03
 3.55134819e-03 1.92503070e-03 1.15354039e-04 2.11768903e-03
 3.69425608e-03 4.75488357e-03 5.24480308e-03 5.14001857e-03
 4.44559789e-03 3.19602593e-03 1.45772029e-03 6.40015712e-04
 2.54849879e-03 4.00521467e-03 4.92950894e-03 5.27445338e-03
 5.02326598e-03 4.18812989e-03 2.81104637e-03 9.66973003e-04
 1.14481219e-03 2.95186464e-03 4.28389710e-03 5.06904330e-03
 5.26800567e-03 4.87114644e-03 3.89781449e-03 2.39771196e-03
 4.54746933e-04 1.62740254e-03 3.32639475e-03 4.52943594e-03
 5.17307660e-03 5.22547855e-03 4.68410852e-03 3.57556179e-03
 1.95746555e-03 7.73528596e-05 2.08590644e-03 3.67083504e-03
 4.74108058e-03 5.24130552e-03 5.14699504e-03 4.46270992e-03
 3.22240422e-03 1.49189872e-03 6.03163382e-04 2.51861945e-03
 3.98406275e-03 4.91819398e-03 5.27353231e-03 5.03278310e-03
 4.20761996e-03 2.83950156e-03 1.00276330e-03 1.10946832e-03
 2.92399372e-03 4.26508143e-03 5.06025070e-03 5.26966498e-03
 4.88317778e-03 3.91962369e-03 2.42814765e-03 4.92000532e-04
 1.59371121e-03 3.30063194e-03 4.51302379e-03 5.16684615e-03
 5.22973195e-03 4.69863972e-03 3.59964183e-03 1.98978827e-03
 3.96781119e-05 2.05402857e-03 3.64734812e-03 4.72726741e-03
 5.23786833e-03 5.15410142e-03 4.47999884e-03 3.24895458e-03
 1.52615219e-03 5.66309646e-04 2.48927986e-03 3.96428701e-03
 4.90929097e-03 5.27609833e-03 5.04666728e-03 4.23183400e-03
 2.87206059e-03 1.04042209e-03 1.07699732e-03 2.90808728e-03
 4.27101989e-03 5.09116576e-03 5.32567899e-03 4.96034530e-03
 4.00855192e-03 2.51208458e-03 5.43993195e-04 1.62625292e-03
 3.47821028e-03 4.87983938e-03 5.74091795e-03 5.99098409e-03
 5.57590062e-03 4.45556316e-03 2.60234404e-03 9.99999764e-06] 


Kernel:  MKL 
!!!!!!!!!!Gaussian Process Started!!!!!!!!! 
New maximum log likelihood  [[68.14561507]]  found for params  [4.6810931  1.42914408 1.34383659 3.79542305 0.42756115] 
New maximum log likelihood  [[69.21636743]]  found for params  [4.32524713 1.56247815 0.28484747 3.66233911 0.36499808] 
New maximum log likelihood  [[69.78018104]]  found for params  [2.20750812 2.62437626 2.96408146 1.21979633 0.26088557] 
