
Start time:  040253_16092020 
kernel_type:  SE 	number_of_test_datapoints:  500 	noise: 0.0 	random_seed: 500 
linspacexmin: 0 	linspacexmax: 10 	linspaceymin: 0 	linspaceymax: 10 
signal_variance: 1 	number_of_dimensions: 1 	number_of_observed_samples: 40 
hyper_params_estimation: False 	number_of_restarts_likelihood: 100 	lengthscale_bounds: [[0.1, 1]] 	signal_variance_bounds: [0.1, 1] 
Xmin: 0 	Xmax: 10 	ymin: 0 	ymax: 10 	char_len_scale: 0.2 	len_weights: [0.1, 0.3, 0.2] 	len_weights_bounds: [[0.1, 5], [0.1, 5], [0.1, 5], [0.1, 5]] 	weight_params_estimation: False 
X: [[0.        ]
 [0.02142857]
 [0.04285714]
 [0.06428571]
 [0.08571429]
 [0.10714286]
 [0.12857143]
 [0.15      ]
 [0.17142857]
 [0.19285714]
 [0.21428571]
 [0.23571429]
 [0.25714286]
 [0.27857143]
 [0.3       ]
 [0.7       ]
 [0.72142857]
 [0.74285714]
 [0.76428571]
 [0.78571429]
 [0.80714286]
 [0.82857143]
 [0.85      ]
 [0.87142857]
 [0.89285714]
 [0.91428571]
 [0.93571429]
 [0.95714286]
 [0.97857143]
 [1.        ]] 	y: [[0.1       ]
 [0.21249279]
 [0.17338837]
 [0.06681685]
 [0.08181685]
 [0.21838837]
 [0.28749279]
 [0.205     ]
 [0.12250721]
 [0.19161163]
 [0.32818315]
 [0.34318315]
 [0.23661163]
 [0.19750721]
 [0.31      ]
 [0.59      ]
 [0.70249279]
 [0.66338837]
 [0.55681685]
 [0.57181685]
 [0.70838837]
 [0.77749279]
 [0.695     ]
 [0.61250721]
 [0.68161163]
 [0.81818315]
 [0.83318315]
 [0.72661163]
 [0.68750721]
 [0.8       ]] 


Kernel:  SE 
!!!!!!!!!!Gaussian Process Started!!!!!!!!! 
Hyper Params estimating.. 
New maximum log likelihood  [[-67323.86947176]]  found for l=  [1.]  var: 1.0 
New maximum log likelihood  [[-67323.76605331]]  found for l=  [0.92848656]  var: 0.8139169695374754 
New maximum log likelihood  [[-10467.15481951]]  found for l=  [0.1]  var: 1.0 
Opt Length scale:  [0.1] 
Opt variance:  1.0 
1.0 
SE Mean: [ 0.10007858  0.11163324  0.1238144   0.13629435  0.14875691  0.16090249
  0.17245273  0.18315436  0.19278258  0.20114372  0.20807732  0.2134575
  0.21719381  0.2192314   0.21955061  0.21816608  0.2151253   0.21050667
  0.20441717  0.19698968  0.18837993  0.17876319  0.16833082  0.15728654
  0.14584274  0.13421669  0.12262673  0.11128872  0.10041227  0.0901976
  0.08083222  0.07248811  0.06531912  0.05945873  0.05501812  0.05208469
  0.05072093  0.05096368  0.05282386  0.05628653  0.06131139  0.06783368
  0.07576541  0.08499689  0.09539872  0.10682389  0.11911022  0.13208298
  0.14555768  0.15934303  0.17324387  0.18706418  0.20061016  0.21369316
  0.2261325   0.23775821  0.24841361  0.25795754  0.26626654  0.27323654
  0.27878448  0.28284934  0.28539312  0.28640129  0.28588284  0.28387021
  0.28041866  0.27560533  0.26952814  0.26230417  0.25406779  0.24496882
  0.23516999  0.22484463  0.21417398  0.20334446  0.19254483  0.18196338
  0.17178505  0.16218863  0.15334413  0.14541015  0.13853144  0.13283678
  0.12843697  0.12542317  0.12386542  0.1238116   0.12528666  0.12829213
  0.13280609  0.13878342  0.14615637  0.15483562  0.16471138  0.17565517
  0.18752159  0.20015038  0.21336899  0.22699498  0.24083879  0.25470669
  0.26840353  0.28173591  0.29451506  0.30655976  0.31769927  0.32777591
  0.33664775  0.34419081  0.35030119  0.35489693  0.35791936  0.35933437
  0.35913317  0.35733267  0.35397556  0.34912991  0.34288843  0.33536729
  0.32670463  0.3170586   0.30660513  0.2955354   0.28405284  0.27237016
  0.26070585  0.24928071  0.23831415  0.2280204   0.21860471  0.21025951
  0.2031607   0.19746391  0.1933011   0.1907772   0.1899671   0.19091287
  0.19362144  0.19806247  0.2041668   0.21182527  0.22088798  0.23116412
  0.24242217  0.25439077  0.26675996  0.27918302  0.29127874  0.30263421
  0.3128081   0.32133426  0.3277259   0.33147996  0.33208188  0.3290107
  0.32174422  0.30976454  0.29256357  0.26964861  0.24054798  0.20481663
  0.16204143  0.11184654  0.05389831 -0.01208992 -0.08635354 -0.16907269
 -0.26036873 -0.36030124 -0.46886555 -0.58599076 -0.71153844 -0.84530186
 -0.98700589 -1.13630749 -1.29279691 -1.45599938 -1.62537757 -1.80033453
 -1.98021729 -2.16432089 -2.35189308 -2.54213933 -2.73422836 -2.927298
 -3.12046137 -3.31281333 -3.50343712 -3.69141112 -3.87581571 -4.05574013
 -4.23028925 -4.39859022 -4.55979902 -4.71310661 -4.85774489 -4.99299226
 -5.11817875 -5.2326907  -5.33597495 -5.42754241 -5.50697118 -5.57390895
 -5.62807481 -5.66926045 -5.6973307  -5.71222338 -5.71394861 -5.70258734
 -5.67828942 -5.64127098 -5.59181131 -5.5302492  -5.45697877 -5.37244493
 -5.2771384  -5.17159043 -5.05636722 -4.93206417 -4.79929989 -4.65871024
 -4.51094224 -4.35664803 -4.19647898 -4.03107987 -3.86108339 -3.6871048
 -3.50973699 -3.32954589 -3.14706626 -2.96279802 -2.77720297 -2.59070211
 -2.40367348 -2.21645053 -2.02932113 -1.8425271  -1.65626435 -1.47068355
 -1.28589148 -1.10195271 -0.91889202 -0.73669712 -0.55532196 -0.37469032
 -0.19469986 -0.01522645  0.16387129  0.34274715  0.52156239  0.70048077
  0.87966342  1.05926385  1.23942302  1.42026452  1.60189002  1.7843749
  1.96776433  2.1520695   2.3372645   2.52328346  2.71001825  2.8973167
  3.08498134  3.27276871  3.46038923  3.64750764  3.83374409  4.01867566
  4.20183862  4.38273108  4.56081631  4.73552636  4.90626633  5.07241895
  5.23334955  5.38841135  5.53695104  5.67831456  5.81185302  5.93692875
  6.05292133  6.15923369  6.25529797  6.34058137  6.41459166  6.47688253
  6.52705853  6.56477965  6.58976545  6.60179875  6.60072874  6.58647361
  6.55902248  6.51843686  6.46485136  6.3984738   6.3195847   6.22853607
  6.12574963  6.01171433  5.88698329  5.75217022  5.6079452   5.45503003
  5.29419305  5.1262436   4.95202613  4.77241387  4.58830245  4.40060313
  4.21023611  4.01812359  3.82518296  3.63232001  3.44042226  3.25035258
  3.06294295  2.87898858  2.69924244  2.52441017  2.35514544  2.1920459
  2.03564954  1.88643179  1.74480306  1.611107    1.48561936  1.36854745
  1.26003024  1.16013919  1.06887946  0.98619197  0.91195578  0.84599121
  0.78806327  0.73788563  0.69512504  0.65940592  0.6303155   0.60740894
  0.59021481  0.57824066  0.57097857  0.56791081  0.56851538  0.57227141
  0.57866449  0.58719166  0.5973662   0.60872207  0.62081798  0.63324109
  0.64561023  0.65757871  0.6688366   0.67911255  0.68817509  0.69583341
  0.70193759  0.70637851  0.70908698  0.7100327   0.70922255  0.70669864
  0.70253583  0.69683906  0.68974028  0.68139512  0.67197946  0.66168576
  0.65071924  0.63929414  0.62762987  0.61594721  0.60446467  0.59339495
  0.58294149  0.57329546  0.5646328   0.55711165  0.55087016  0.5460245
  0.54266738  0.54086686  0.54066565  0.54208065  0.54510307  0.54969879
  0.55580918  0.56335222  0.57222407  0.58230072  0.59344023  0.60548494
  0.6182641   0.6315965   0.64529335  0.65916123  0.67300506  0.68663106
  0.69984967  0.71247846  0.72434486  0.73528865  0.74516441  0.75384363
  0.76121658  0.76719388  0.77170782  0.77471328  0.77618832  0.77613448
  0.77457673  0.7715629   0.7671631   0.76146843  0.75458971  0.74665573
  0.73781124  0.72821485  0.71803654  0.70745512  0.69665551  0.68582601
  0.6751554   0.66483007  0.65503127  0.64593233  0.63769599  0.63047203
  0.62439486  0.61958157  0.61613002  0.61411739  0.61359894  0.61460708
  0.61715086  0.62121569  0.62676359  0.63373356  0.6420425   0.6515864
  0.66224174  0.6738674   0.68630669  0.69938963  0.71293557  0.72675585
  0.74065664  0.75444197  0.76791667  0.78088942  0.79317577  0.80460096
  0.81500284  0.82423439  0.83216617  0.83868854  0.84371349  0.84717623
  0.8490365   0.84927934  0.84791566  0.84498231  0.84054177  0.83468141
  0.82751245  0.81916834  0.80980294  0.79958821  0.78871169  0.77737355
  0.76578347  0.75415727  0.7427133   0.73166884  0.7212363   0.7116194
  0.70300949  0.69558188  0.6894923   0.68487364  0.68183291  0.68044851
  0.68076795  0.68280584  0.68654256  0.69192323  0.69885739  0.70721913
  0.71684797  0.72755018  0.73910089  0.75124674  0.76370924  0.77618868
  0.78836869  0.79992138] 

Std_Dev: [9.99895120e-06 1.27729291e-05 1.74509648e-05 2.03035498e-05
 2.12871524e-05 2.08162742e-05 1.93367472e-05 1.72571949e-05
 1.49417526e-05 1.27176981e-05 1.08782865e-05 9.65214593e-06
 9.11968717e-06 9.15407452e-06 9.50195302e-06 9.92642729e-06
 1.02736455e-05 1.04679411e-05 1.04881154e-05 1.03476039e-05
 1.00807760e-05 9.73367528e-06 9.35689701e-06 8.99903689e-06
 8.70045995e-06 8.48739847e-06 8.36873676e-06 8.33609102e-06
 8.36847806e-06 8.43868296e-06 8.51957521e-06 8.58858387e-06
 8.62988243e-06 8.63487255e-06 8.60176548e-06 8.53441811e-06
 8.44091925e-06 8.33224781e-06 8.22012127e-06 8.11590209e-06
 8.02894007e-06 7.96529442e-06 7.92734073e-06 7.91379333e-06
 7.92017394e-06 7.94012398e-06 7.96620732e-06 7.99137202e-06
 8.00962711e-06 8.01688704e-06 8.01087451e-06 7.99150400e-06
 7.96057492e-06 7.92114811e-06 7.87733929e-06 7.83362562e-06
 7.79409079e-06 7.76222498e-06 7.74017435e-06 7.72882738e-06
 7.72734767e-06 7.73409743e-06 7.74618917e-06 7.76049413e-06
 7.77379455e-06 7.78342154e-06 7.78735739e-06 7.78473371e-06
 7.77552957e-06 7.76088754e-06 7.74271993e-06 7.72330218e-06
 7.70531971e-06 7.69125135e-06 7.68293236e-06 7.68150162e-06
 7.68717963e-06 7.69899177e-06 7.71541347e-06 7.73406872e-06
 7.75237118e-06 7.76783684e-06 7.77841328e-06 7.78268691e-06
 7.78023289e-06 7.77172344e-06 7.75878437e-06 7.74387412e-06
 7.73008419e-06 7.72053450e-06 7.71823333e-06 7.72530723e-06
 7.74284181e-06 7.77060910e-06 7.80687180e-06 7.84860583e-06
 7.89195518e-06 7.93255587e-06 7.96615158e-06 7.98926699e-06
 7.99965477e-06 7.99673977e-06 7.98188457e-06 7.95841989e-06
 7.93160410e-06 7.90802533e-06 7.89479636e-06 7.89879619e-06
 7.92505759e-06 7.97636068e-06 8.05174424e-06 8.14665030e-06
 8.25338045e-06 8.36156324e-06 8.45982505e-06 8.53709750e-06
 8.58436225e-06 8.59586499e-06 8.57088834e-06 8.51471309e-06
 8.43934733e-06 8.36344183e-06 8.31111514e-06 8.30863681e-06
 8.37924372e-06 8.53718203e-06 8.78223420e-06 9.09769892e-06
 9.45163047e-06 9.80176478e-06 1.01007892e-05 1.03027926e-05
 1.03692918e-05 1.02766763e-05 1.00260180e-05 9.65785515e-06
 9.27153435e-06 9.04137088e-06 9.19931607e-06 9.94317875e-06
 1.13165564e-05 1.31862858e-05 1.53138560e-05 1.74146193e-05
 1.91733855e-05 2.02404097e-05 2.02294281e-05 1.87390412e-05
 1.54764683e-05 1.10348054e-05 1.12683868e-05 2.28849601e-05
 4.24742917e-05 6.92959552e-05 1.04190341e-04 1.48412413e-04
 2.03434468e-04 2.70904520e-04 3.52637124e-04 4.50612720e-04
 5.66979101e-04 7.04053378e-04 8.64323582e-04 1.05044934e-03
 1.26526182e-03 1.51176220e-03 1.79311936e-03 2.11266595e-03
 2.47389324e-03 2.88044458e-03 3.33610735e-03 3.84480350e-03
 4.41057848e-03 5.03758882e-03 5.73008809e-03 6.49241134e-03
 7.32895819e-03 8.24417440e-03 9.24253208e-03 1.03285086e-02
 1.15065642e-02 1.27811184e-02 1.41565258e-02 1.56370499e-02
 1.72268374e-02 1.89298906e-02 2.07500402e-02 2.26909169e-02
 2.47559234e-02 2.69482058e-02 2.92706254e-02 3.17257306e-02
 3.43157295e-02 3.70424625e-02 3.99073766e-02 4.29114999e-02
 4.60554177e-02 4.93392502e-02 5.27626306e-02 5.63246868e-02
 6.00240230e-02 6.38587049e-02 6.78262461e-02 7.19235976e-02
 7.61471389e-02 8.04926727e-02 8.49554216e-02 8.95300276e-02
 9.42105550e-02 9.89904958e-02 1.03862778e-01 1.08819777e-01
 1.13853330e-01 1.18954755e-01 1.24114869e-01 1.29324011e-01
 1.34572072e-01 1.39848520e-01 1.45142432e-01 1.50442532e-01
 1.55737224e-01 1.61014629e-01 1.66262633e-01 1.71468922e-01
 1.76621033e-01 1.81706396e-01 1.86712382e-01 1.91626353e-01
 1.96435709e-01 2.01127941e-01 2.05690678e-01 2.10111738e-01
 2.14379177e-01 2.18481343e-01 2.22406918e-01 2.26144969e-01
 2.29684997e-01 2.33016977e-01 2.36131403e-01 2.39019332e-01
 2.41672417e-01 2.44082951e-01 2.46243894e-01 2.48148908e-01
 2.49792385e-01 2.51169468e-01 2.52276079e-01 2.53108931e-01
 2.53665548e-01 2.53944272e-01 2.53944272e-01 2.53665549e-01
 2.53108932e-01 2.52276079e-01 2.51169469e-01 2.49792386e-01
 2.48148910e-01 2.46243896e-01 2.44082953e-01 2.41672419e-01
 2.39019334e-01 2.36131406e-01 2.33016979e-01 2.29685000e-01
 2.26144972e-01 2.22406921e-01 2.18481346e-01 2.14379181e-01
 2.10111741e-01 2.05690682e-01 2.01127945e-01 1.96435713e-01
 1.91626357e-01 1.86712386e-01 1.81706400e-01 1.76621038e-01
 1.71468926e-01 1.66262637e-01 1.61014633e-01 1.55737228e-01
 1.50442536e-01 1.45142436e-01 1.39848524e-01 1.34572076e-01
 1.29324015e-01 1.24114873e-01 1.18954759e-01 1.13853334e-01
 1.08819781e-01 1.03862782e-01 9.89904994e-02 9.42105585e-02
 8.95300310e-02 8.49554249e-02 8.04926759e-02 7.61471420e-02
 7.19236006e-02 6.78262490e-02 6.38587077e-02 6.00240257e-02
 5.63246893e-02 5.27626331e-02 4.93392525e-02 4.60554199e-02
 4.29115019e-02 3.99073785e-02 3.70424643e-02 3.43157312e-02
 3.17257322e-02 2.92706269e-02 2.69482072e-02 2.47559247e-02
 2.26909181e-02 2.07500413e-02 1.89298916e-02 1.72268383e-02
 1.56370508e-02 1.41565266e-02 1.27811191e-02 1.15065648e-02
 1.03285092e-02 9.24253259e-03 8.24417485e-03 7.32895858e-03
 6.49241169e-03 5.73008839e-03 5.03758910e-03 4.41057870e-03
 3.84480367e-03 3.33610753e-03 2.88044472e-03 2.47389336e-03
 2.11266605e-03 1.79311944e-03 1.51176226e-03 1.26526186e-03
 1.05044939e-03 8.64323608e-04 7.04053404e-04 5.66979100e-04
 4.50612726e-04 3.52637132e-04 2.70904514e-04 2.03434473e-04
 1.48412415e-04 1.04190312e-04 6.92959528e-05 4.24742838e-05
 2.28849359e-05 1.12683966e-05 1.10348054e-05 1.54764683e-05
 1.87390500e-05 2.02294501e-05 2.02404097e-05 1.91733682e-05
 1.74146066e-05 1.53138560e-05 1.31862816e-05 1.13165466e-05
 9.94316200e-06 9.19929193e-06 9.04135246e-06 9.27152237e-06
 9.65787240e-06 1.00259958e-05 1.02766331e-05 1.03693133e-05
 1.03027980e-05 1.01007728e-05 9.80173080e-06 9.45163634e-06
 9.09771113e-06 8.78226581e-06 8.53718853e-06 8.37921060e-06
 8.30859004e-06 8.31111514e-06 8.36342191e-06 8.43931444e-06
 8.51472613e-06 8.57089481e-06 8.59586499e-06 8.58434285e-06
 8.53709100e-06 8.45979880e-06 8.36153005e-06 8.25335354e-06
 8.14665712e-06 8.05169598e-06 7.97634676e-06 7.92509261e-06
 7.89875402e-06 7.89480339e-06 7.90800427e-06 7.93161110e-06
 7.95842687e-06 7.98187066e-06 7.99673283e-06 7.99967558e-06
 7.98926699e-06 7.96617248e-06 7.93252088e-06 7.89195518e-06
 7.84861290e-06 7.80685046e-06 7.77058052e-06 7.74284181e-06
 7.72530004e-06 7.71820457e-06 7.72054888e-06 7.73004828e-06
 7.74388846e-06 7.75877006e-06 7.77173773e-06 7.78021862e-06
 7.78264411e-06 7.77839187e-06 7.76785828e-06 7.75237118e-06
 7.73404001e-06 7.71539189e-06 7.69902061e-06 7.68715075e-06
 7.68152330e-06 7.68291791e-06 7.69122248e-06 7.70532691e-06
 7.72328780e-06 7.74268408e-06 7.76088754e-06 7.77555813e-06
 7.78471945e-06 7.78735739e-06 7.78337161e-06 7.77375885e-06
 7.76047983e-06 7.74620350e-06 7.73409025e-06 7.72738359e-06
 7.72879865e-06 7.74018869e-06 7.76223928e-06 7.79409791e-06
 7.83362562e-06 7.87735338e-06 7.92112708e-06 7.96056795e-06
 7.99151789e-06 8.01086758e-06 8.01689397e-06 8.00965483e-06
 7.99137202e-06 7.96624216e-06 7.94012398e-06 7.92022300e-06
 7.91374423e-06 7.92731272e-06 7.96524564e-06 8.02891933e-06
 8.11593629e-06 8.22009426e-06 8.33220117e-06 8.44094555e-06
 8.53439860e-06 8.60177839e-06 8.63487898e-06 8.62985027e-06
 8.58859033e-06 8.51961430e-06 8.43867638e-06 8.36845153e-06
 8.33609102e-06 8.36871686e-06 8.48739847e-06 8.70044719e-06
 8.99903689e-06 9.35690887e-06 9.73367528e-06 1.00807594e-05
 1.03476092e-05 1.04881207e-05 1.04679517e-05 1.02736672e-05
 9.92643288e-06 9.50195302e-06 9.15405633e-06 9.11967500e-06
 9.65210567e-06 1.08782967e-05 1.27177068e-05 1.49417637e-05
 1.72572239e-05 1.93367529e-05 2.08163009e-05 2.12871759e-05
 2.03035498e-05 1.74509648e-05 1.27729247e-05 9.99894009e-06] 


Kernel:  MATERN3 
!!!!!!!!!!Gaussian Process Started!!!!!!!!! 
Hyper Params estimating.. 
New maximum log likelihood  [[15.39455268]]  found for l=  [0.21586324]  var: 0.9633686087959925 
New maximum log likelihood  [[15.407861]]  found for l=  [0.21277691]  var: 0.9630639966231888 
New maximum log likelihood  [[16.92035916]]  found for l=  [0.14589358]  var: 0.5655907972230022 
