
Start time:  190348_08092020 
kernel_type:  SE 	number_of_test_datapoints:  500 	noise: 0.0 	random_seed: 500 
linspacexmin: -15 	linspacexmax: 15 	linspaceymin: -0.5 	linspaceymax: 1.5 
signal_variance: 1 	number_of_dimensions: 1 	number_of_observed_samples: 40 
hyper_params_estimation: False 	number_of_restarts_likelihood: 100 	lengthscale_bounds: [[0.1, 1]] 	signal_variance_bounds: [0.1, 1] 
Xmin: -15 	Xmax: 15 	ymin: -0.5 	ymax: 1.5 	char_len_scale: 0.2 	len_weights: [0.1, 0.3, 0.2] 	len_weights_bounds: [[0.1, 5], [0.1, 5], [0.1, 5], [0.1, 5]] 	weight_params_estimation: False 
X: [[0.        ]
 [0.01754386]
 [0.03508772]
 [0.05263158]
 [0.07017544]
 [0.0877193 ]
 [0.10526316]
 [0.12280702]
 [0.14035088]
 [0.15789474]
 [0.1754386 ]
 [0.19298246]
 [0.21052632]
 [0.22807018]
 [0.24561404]
 [0.26315789]
 [0.28070175]
 [0.29824561]
 [0.31578947]
 [0.33333333]
 [0.66666667]
 [0.68421053]
 [0.70175439]
 [0.71929825]
 [0.73684211]
 [0.75438596]
 [0.77192982]
 [0.78947368]
 [0.80701754]
 [0.8245614 ]
 [0.84210526]
 [0.85964912]
 [0.87719298]
 [0.89473684]
 [0.9122807 ]
 [0.92982456]
 [0.94736842]
 [0.96491228]
 [0.98245614]
 [1.        ]] 	y: [[0.25      ]
 [0.3028938 ]
 [0.24039156]
 [0.18681818]
 [0.27411706]
 [0.32983873]
 [0.19901425]
 [0.13071287]
 [0.38758534]
 [0.71214541]
 [0.67699892]
 [0.35812097]
 [0.17121203]
 [0.22233602]
 [0.28417416]
 [0.25755796]
 [0.23765872]
 [0.2493236 ]
 [0.24653755]
 [0.25      ]
 [0.25      ]
 [0.24653755]
 [0.2493236 ]
 [0.23765872]
 [0.25755796]
 [0.28417416]
 [0.22233602]
 [0.17121203]
 [0.35812097]
 [0.67699892]
 [0.71214541]
 [0.38758534]
 [0.13071287]
 [0.19901425]
 [0.32983873]
 [0.27411706]
 [0.18681818]
 [0.24039156]
 [0.3028938 ]
 [0.25      ]] 


Kernel:  SE 
!!!!!!!!!!Gaussian Process Started!!!!!!!!! 
Hyper Params estimating.. 
New maximum log likelihood  [[-150360.09880009]]  found for l=  [0.1]  var: 1.0 
Opt Length scale:  [0.1] 
Opt variance:  1.0 
1.0 
SE Mean: [2.46931013e-01 2.53772513e-01 2.65882331e-01 2.80116778e-01
 2.94093787e-01 3.06094273e-01 3.14971195e-01 3.20062210e-01
 3.21106536e-01 3.18168735e-01 3.11567118e-01 3.01809431e-01
 2.89535301e-01 2.75463862e-01 2.60348335e-01 2.44937748e-01
 2.29944377e-01 2.16017307e-01 2.03722548e-01 1.93527104e-01
 1.85789122e-01 1.80754400e-01 1.78553138e-01 1.79204021e-01
 1.82620582e-01 1.88619769e-01 1.96933225e-01 2.07219559e-01
 2.19080796e-01 2.32075297e-01 2.45734003e-01 2.59575635e-01
 2.73123046e-01 2.85915341e-01 2.97522941e-01 3.07558192e-01
 3.15685795e-01 3.21632060e-01 3.25190812e-01 3.26228327e-01
 3.24686329e-01 3.20582463e-01 3.14009281e-01 3.05131824e-01
 2.94182459e-01 2.81454268e-01 2.67295345e-01 2.52097795e-01
 2.36289939e-01 2.20326097e-01 2.04673410e-01 1.89804198e-01
 1.76182888e-01 1.64255624e-01 1.54440258e-01 1.47117460e-01
 1.42620373e-01 1.41229162e-01 1.43162172e-01 1.48572413e-01
 1.57544126e-01 1.70088966e-01 1.86146231e-01 2.05583635e-01
 2.28198403e-01 2.53722519e-01 2.81826337e-01 3.12124510e-01
 3.44184307e-01 3.77532501e-01 4.11665148e-01 4.46056750e-01
 4.80170453e-01 5.13466418e-01 5.45415422e-01 5.75505131e-01
 6.03251670e-01 6.28207968e-01 6.49972083e-01 6.68195561e-01
 6.82586757e-01 6.92921118e-01 6.99039805e-01 7.00856328e-01
 6.98355221e-01 6.91594052e-01 6.80700862e-01 6.65871622e-01
 6.47366505e-01 6.25504486e-01 6.00656959e-01 5.73241124e-01
 5.43711552e-01 5.12550450e-01 4.80261107e-01 4.47355446e-01
 4.14346393e-01 3.81737225e-01 3.50012655e-01 3.19630707e-01
 2.91012833e-01 2.64537953e-01 2.40534904e-01 2.19276921e-01
 2.00978581e-01 1.85789904e-01 1.73798147e-01 1.65023950e-01
 1.59424379e-01 1.56893806e-01 1.57267708e-01 1.60328269e-01
 1.65808969e-01 1.73401035e-01 1.82763260e-01 1.93527489e-01
 2.05309937e-01 2.17718210e-01 2.30362354e-01 2.42863281e-01
 2.54860990e-01 2.66025037e-01 2.76060017e-01 2.84712875e-01
 2.91780921e-01 2.97112564e-01 3.00613809e-01 3.02248935e-01
 3.02040516e-01 3.00067525e-01 2.96465240e-01 2.91416601e-01
 2.85150639e-01 2.77932461e-01 2.70055216e-01 2.61832084e-01
 2.53584213e-01 2.45631122e-01 2.38277281e-01 2.31803979e-01
 2.26456414e-01 2.22432994e-01 2.19877163e-01 2.18869486e-01
 2.19420192e-01 2.21466924e-01 2.24871985e-01 2.29423370e-01
 2.34840022e-01 2.40779004e-01 2.46847032e-01 2.52615456e-01
 2.57639874e-01 2.61483563e-01 2.63744999e-01 2.64089341e-01
 2.62284987e-01 2.58242447e-01 2.52058947e-01 2.44065094e-01
 2.34874361e-01 2.25437604e-01 2.17096423e-01 2.11641068e-01
 2.11367845e-01 2.19137473e-01 2.38432835e-01 2.73416327e-01
 3.28983416e-01 4.10816963e-01 5.25433989e-01 6.80230572e-01
 8.83521459e-01 1.14457217e+00 1.47362497e+00 1.88191763e+00
 2.38169248e+00 2.98619706e+00 3.70967525e+00 4.56734677e+00
 5.57537727e+00 6.75083548e+00 8.11164073e+00 9.67649657e+00
 1.14648137e+01 1.34966220e+01 1.57924679e+01 1.83733033e+01
 2.12603624e+01 2.44750268e+01 2.80386835e+01 3.19725707e+01
 3.62976181e+01 4.10342788e+01 4.62023542e+01 5.18208168e+01
 5.79076267e+01 6.44795479e+01 7.15519632e+01 7.91386896e+01
 8.72517975e+01 9.59014327e+01 1.05095645e+02 1.14840222e+02
 1.25138537e+02 1.35991402e+02 1.47396933e+02 1.59350434e+02
 1.71844293e+02 1.84867890e+02 1.98407532e+02 2.12446397e+02
 2.26964503e+02 2.41938700e+02 2.57342674e+02 2.73146983e+02
 2.89319110e+02 3.05823535e+02 3.22621838e+02 3.39672817e+02
 3.56932630e+02 3.74354957e+02 3.91891188e+02 4.09490621e+02
 4.27100690e+02 4.44667197e+02 4.62134574e+02 4.79446149e+02
 4.96544428e+02 5.13371389e+02 5.29868785e+02 5.45978448e+02
 5.61642610e+02 5.76804215e+02 5.91407232e+02 6.05396979e+02
 6.18720425e+02 6.31326500e+02 6.43166386e+02 6.54193809e+02
 6.64365302e+02 6.73640472e+02 6.81982233e+02 6.89357035e+02
 6.95735058e+02 7.01090401e+02 7.05401231e+02 7.08649920e+02
 7.10823154e+02 7.11912010e+02 7.11912013e+02 7.10823163e+02
 7.08649934e+02 7.05401250e+02 7.01090426e+02 6.95735089e+02
 6.89357070e+02 6.81982274e+02 6.73640517e+02 6.64365352e+02
 6.54193864e+02 6.43166446e+02 6.31326563e+02 6.18720493e+02
 6.05397050e+02 5.91407306e+02 5.76804291e+02 5.61642690e+02
 5.45978530e+02 5.29868868e+02 5.13371475e+02 4.96544515e+02
 4.79446237e+02 4.62134663e+02 4.44667286e+02 4.27100778e+02
 4.09490710e+02 3.91891276e+02 3.74355044e+02 3.56932716e+02
 3.39672902e+02 3.22621922e+02 3.05823617e+02 2.89319190e+02
 2.73147062e+02 2.57342750e+02 2.41938773e+02 2.26964574e+02
 2.12446465e+02 1.98407598e+02 1.84867953e+02 1.71844353e+02
 1.59350491e+02 1.47396987e+02 1.35991453e+02 1.25138586e+02
 1.14840268e+02 1.05095688e+02 9.59014729e+01 8.72518350e+01
 7.91387244e+01 7.15519953e+01 6.44795776e+01 5.79076539e+01
 5.18208417e+01 4.62023769e+01 4.10342994e+01 3.62976369e+01
 3.19725876e+01 2.80386985e+01 2.44750403e+01 2.12603743e+01
 1.83733139e+01 1.57924772e+01 1.34966300e+01 1.14648206e+01
 9.67650245e+00 8.11164571e+00 6.75083980e+00 5.57538075e+00
 4.56734968e+00 3.70967759e+00 2.98619899e+00 2.38169384e+00
 1.88191875e+00 1.47362580e+00 1.14457266e+00 8.83521816e-01
 6.80230754e-01 5.25433970e-01 4.10816921e-01 3.28983414e-01
 2.73416102e-01 2.38432790e-01 2.19137302e-01 2.11367613e-01
 2.11640791e-01 2.17096159e-01 2.25437327e-01 2.34874372e-01
 2.44064872e-01 2.52058810e-01 2.58242287e-01 2.62284843e-01
 2.64089371e-01 2.63744881e-01 2.61483630e-01 2.57639794e-01
 2.52615416e-01 2.46847012e-01 2.40778879e-01 2.34840098e-01
 2.29423143e-01 2.24871675e-01 2.21466817e-01 2.19420038e-01
 2.18869072e-01 2.19876979e-01 2.22432822e-01 2.26456332e-01
 2.31804083e-01 2.38277271e-01 2.45630709e-01 2.53584226e-01
 2.61831973e-01 2.70054984e-01 2.77932208e-01 2.85150742e-01
 2.91416643e-01 2.96465256e-01 3.00067721e-01 3.02040424e-01
 3.02248871e-01 3.00613842e-01 2.97112494e-01 2.91780763e-01
 2.84712992e-01 2.76059791e-01 2.66025309e-01 2.54861343e-01
 2.42863187e-01 2.30362505e-01 2.17718208e-01 2.05310012e-01
 1.93527879e-01 1.82763360e-01 1.73401046e-01 1.65808815e-01
 1.60328304e-01 1.57267473e-01 1.56893549e-01 1.59424443e-01
 1.65024249e-01 1.73798339e-01 1.85789985e-01 2.00978416e-01
 2.19277137e-01 2.40534930e-01 2.64537911e-01 2.91012933e-01
 3.19630619e-01 3.50012468e-01 3.81737094e-01 4.14346273e-01
 4.47355456e-01 4.80261063e-01 5.12550620e-01 5.43711384e-01
 5.73241211e-01 6.00656992e-01 6.25504473e-01 6.47366369e-01
 6.65871755e-01 6.80700996e-01 6.91593868e-01 6.98355220e-01
 7.00856252e-01 6.99039887e-01 6.92921120e-01 6.82587078e-01
 6.68195259e-01 6.49972015e-01 6.28208026e-01 6.03251503e-01
 5.75505238e-01 5.45415610e-01 5.13466569e-01 4.80170419e-01
 4.46056825e-01 4.11665132e-01 3.77532433e-01 3.44184328e-01
 3.12124652e-01 2.81826315e-01 2.53722795e-01 2.28198414e-01
 2.05583429e-01 1.86146230e-01 1.70088919e-01 1.57544090e-01
 1.48572158e-01 1.43161767e-01 1.41229021e-01 1.42620532e-01
 1.47117550e-01 1.54440172e-01 1.64255399e-01 1.76182670e-01
 1.89804187e-01 2.04673404e-01 2.20325864e-01 2.36290087e-01
 2.52097575e-01 2.67295208e-01 2.81454507e-01 2.94182413e-01
 3.05131979e-01 3.14009504e-01 3.20582685e-01 3.24686324e-01
 3.26228554e-01 3.25190851e-01 3.21632155e-01 3.15685838e-01
 3.07558190e-01 2.97522908e-01 2.85915614e-01 2.73123193e-01
 2.59575802e-01 2.45733882e-01 2.32075306e-01 2.19081061e-01
 2.07219651e-01 1.96933070e-01 1.88619760e-01 1.82620836e-01
 1.79204090e-01 1.78553022e-01 1.80754269e-01 1.85789200e-01
 1.93526917e-01 2.03722587e-01 2.16017217e-01 2.29944257e-01
 2.44937635e-01 2.60348352e-01 2.75463885e-01 2.89535373e-01
 3.01809370e-01 3.11566939e-01 3.18168892e-01 3.21106677e-01
 3.20062313e-01 3.14971309e-01 3.06094148e-01 2.94093877e-01
 2.80116910e-01 2.65882318e-01 2.53772674e-01 2.46931052e-01] 

Std_Dev: [9.99520865e-06 1.03245102e-05 1.25810461e-05 1.40985776e-05
 1.45549566e-05 1.41549894e-05 1.31903140e-05 1.19456067e-05
 1.06751871e-05 9.58946165e-06 8.83166946e-06 8.44673081e-06
 8.37463819e-06 8.49292333e-06 8.67645623e-06 8.83361774e-06
 8.91294369e-06 8.89607435e-06 8.78818011e-06 8.60946746e-06
 8.38832808e-06 8.15575551e-06 7.94035468e-06 7.76424857e-06
 7.64028614e-06 7.57079447e-06 7.54893473e-06 7.56151346e-06
 7.59267171e-06 7.62710226e-06 7.65214890e-06 7.65930557e-06
 7.64433926e-06 7.60711941e-06 7.55069937e-06 7.48057586e-06
 7.40365060e-06 7.32720567e-06 7.25757687e-06 7.19997526e-06
 7.15736759e-06 7.13052093e-06 7.11817100e-06 7.11743010e-06
 7.12432137e-06 7.13445906e-06 7.14378204e-06 7.14898641e-06
 7.14765849e-06 7.13854276e-06 7.12178080e-06 7.09828822e-06
 7.06986688e-06 7.03885494e-06 7.00748395e-06 6.97831895e-06
 6.95304053e-06 6.93307651e-06 6.91891419e-06 6.91044463e-06
 6.90689316e-06 6.90703783e-06 6.90945651e-06 6.91258106e-06
 6.91497372e-06 6.91565604e-06 6.91388187e-06 6.90942437e-06
 6.90246332e-06 6.89347430e-06 6.88314299e-06 6.87240036e-06
 6.86221528e-06 6.85316537e-06 6.84596062e-06 6.84075292e-06
 6.83752248e-06 6.83597165e-06 6.83567930e-06 6.83610157e-06
 6.83653193e-06 6.83655629e-06 6.83591480e-06 6.83437173e-06
 6.83221897e-06 6.82967540e-06 6.82731789e-06 6.82567528e-06
 6.82533370e-06 6.82671619e-06 6.83010617e-06 6.83542755e-06
 6.84248115e-06 6.85064579e-06 6.85930248e-06 6.86740671e-06
 6.87423368e-06 6.87898836e-06 6.88126363e-06 6.88085220e-06
 6.87809257e-06 6.87356340e-06 6.86835239e-06 6.86376018e-06
 6.86122021e-06 6.86210203e-06 6.86756029e-06 6.87831855e-06
 6.89452913e-06 6.91574434e-06 6.94077470e-06 6.96800987e-06
 6.99533739e-06 7.02052677e-06 7.04153580e-06 7.05654554e-06
 7.06458065e-06 7.06548422e-06 7.05999028e-06 7.04987149e-06
 7.03799527e-06 7.02770263e-06 7.02278780e-06 7.02680210e-06
 7.04269456e-06 7.07216708e-06 7.11509772e-06 7.17001389e-06
 7.23325910e-06 7.29991903e-06 7.36419698e-06 7.42024714e-06
 7.46258871e-06 7.48746652e-06 7.49320267e-06 7.48101367e-06
 7.45532511e-06 7.42371005e-06 7.39666685e-06 7.38623520e-06
 7.40457277e-06 7.46122732e-06 7.56091879e-06 7.70176719e-06
 7.87424507e-06 8.06219611e-06 8.24484763e-06 8.39930622e-06
 8.50438003e-06 8.54400020e-06 8.51164188e-06 8.41499459e-06
 8.28120554e-06 8.16112398e-06 8.12839563e-06 8.26708983e-06
 8.64444604e-06 9.27799236e-06 1.01189802e-05 1.10594577e-05
 1.19497047e-05 1.26141872e-05 1.28643244e-05 1.25216489e-05
 1.14886938e-05 1.00024426e-05 9.45087867e-06 1.27150134e-05
 2.08055806e-05 3.31813729e-05 4.98499200e-05 7.12446248e-05
 9.79920380e-05 1.30830477e-04 1.70582154e-04 2.18141930e-04
 2.74472086e-04 3.40598559e-04 4.17608099e-04 5.06645053e-04
 6.08907615e-04 7.25643992e-04 8.58147323e-04 1.00775055e-03
 1.17582015e-03 1.36374946e-03 1.57295124e-03 1.80484964e-03
 2.06087138e-03 2.34243681e-03 2.65094974e-03 2.98778750e-03
 3.35428998e-03 3.75174882e-03 4.18139594e-03 4.64439204e-03
 5.14181502e-03 5.67464814e-03 6.24376852e-03 6.84993561e-03
 7.49377991e-03 8.17579213e-03 8.89631274e-03 9.65552198e-03
 1.04534308e-02 1.12898720e-02 1.21644928e-02 1.30767481e-02
 1.40258944e-02 1.50109853e-02 1.60308680e-02 1.70841810e-02
 1.81693526e-02 1.92846019e-02 2.04279399e-02 2.15971728e-02
 2.27899062e-02 2.40035511e-02 2.52353314e-02 2.64822921e-02
 2.77413096e-02 2.90091031e-02 3.02822474e-02 3.15571865e-02
 3.28302487e-02 3.40976631e-02 3.53555762e-02 3.66000703e-02
 3.78271821e-02 3.90329222e-02 4.02132950e-02 4.13643192e-02
 4.24820484e-02 4.35625917e-02 4.46021349e-02 4.55969607e-02
 4.65434693e-02 4.74381981e-02 4.82778412e-02 4.90592680e-02
 4.97795407e-02 5.04359314e-02 5.10259373e-02 5.15472959e-02
 5.19979972e-02 5.23762963e-02 5.26807230e-02 5.29100907e-02
 5.30635030e-02 5.31403597e-02 5.31403597e-02 5.30635029e-02
 5.29100905e-02 5.26807228e-02 5.23762961e-02 5.19979969e-02
 5.15472955e-02 5.10259369e-02 5.04359309e-02 4.97795402e-02
 4.90592675e-02 4.82778406e-02 4.74381975e-02 4.65434686e-02
 4.55969600e-02 4.46021342e-02 4.35625910e-02 4.24820476e-02
 4.13643184e-02 4.02132942e-02 3.90329213e-02 3.78271812e-02
 3.66000694e-02 3.53555753e-02 3.40976622e-02 3.28302479e-02
 3.15571856e-02 3.02822466e-02 2.90091023e-02 2.77413087e-02
 2.64822913e-02 2.52353306e-02 2.40035504e-02 2.27899054e-02
 2.15971721e-02 2.04279392e-02 1.92846012e-02 1.81693519e-02
 1.70841803e-02 1.60308675e-02 1.50109848e-02 1.40258939e-02
 1.30767476e-02 1.21644924e-02 1.12898715e-02 1.04534304e-02
 9.65552162e-03 8.89631238e-03 8.17579181e-03 7.49377962e-03
 6.84993534e-03 6.24376828e-03 5.67464792e-03 5.14181483e-03
 4.64439189e-03 4.18139578e-03 3.75174869e-03 3.35428986e-03
 2.98778739e-03 2.65094967e-03 2.34243674e-03 2.06087134e-03
 1.80484957e-03 1.57295121e-03 1.36374944e-03 1.17582014e-03
 1.00775055e-03 8.58147327e-04 7.25643978e-04 6.08907636e-04
 5.06645041e-04 4.17608120e-04 3.40598559e-04 2.74472094e-04
 2.18141958e-04 1.70582142e-04 1.30830498e-04 9.79920442e-05
 7.12446365e-05 4.98499590e-05 3.31813863e-05 2.08056019e-05
 1.27150265e-05 9.45090217e-06 1.00024371e-05 1.14886841e-05
 1.25216223e-05 1.28642942e-05 1.26141960e-05 1.19497233e-05
 1.10594126e-05 1.01189802e-05 9.27798638e-06 8.64446530e-06
 8.26713683e-06 8.12837514e-06 8.16115119e-06 8.28122565e-06
 8.41499459e-06 8.51164188e-06 8.54402619e-06 8.50436045e-06
 8.39930622e-06 8.24484090e-06 8.06221677e-06 7.87423802e-06
 7.70174556e-06 7.56092613e-06 7.46122732e-06 7.40456528e-06
 7.38628029e-06 7.39668936e-06 7.42372501e-06 7.45533255e-06
 7.48102851e-06 7.49321007e-06 7.48742945e-06 7.46254407e-06
 7.42023218e-06 7.36421959e-06 7.29993424e-06 7.23325142e-06
 7.17003712e-06 7.11512893e-06 7.07208859e-06 7.04266303e-06
 7.02681000e-06 7.02275618e-06 7.02768684e-06 7.03795583e-06
 7.04990299e-06 7.05993524e-06 7.06546065e-06 7.06460422e-06
 7.05653767e-06 7.04152003e-06 7.02055049e-06 6.99535326e-06
 6.96802580e-06 6.94078269e-06 6.91571223e-06 6.89453718e-06
 6.87834276e-06 6.86756837e-06 6.86206967e-06 6.86121212e-06
 6.86378444e-06 6.86835239e-06 6.87357956e-06 6.87810064e-06
 6.88084413e-06 6.88127976e-06 6.87901257e-06 6.87423368e-06
 6.86740671e-06 6.85926202e-06 6.85067010e-06 6.84248926e-06
 6.83545192e-06 6.83013868e-06 6.82675685e-06 6.82532557e-06
 6.82569968e-06 6.82736668e-06 6.82971604e-06 6.83221084e-06
 6.83442859e-06 6.83589044e-06 6.83657253e-06 6.83653193e-06
 6.83604473e-06 6.83570367e-06 6.83598789e-06 6.83750624e-06
 6.84073669e-06 6.84597684e-06 6.85318967e-06 6.86220719e-06
 6.87238420e-06 6.88311073e-06 6.89340988e-06 6.90245528e-06
 6.90943241e-06 6.91388990e-06 6.91567209e-06 6.91498175e-06
 6.91252485e-06 6.90943241e-06 6.90703783e-06 6.90689316e-06
 6.91039643e-06 6.91891419e-06 6.93306851e-06 6.95307247e-06
 6.97829509e-06 7.00748395e-06 7.03879185e-06 7.06989829e-06
 7.09830386e-06 7.12181198e-06 7.13858942e-06 7.14761189e-06
 7.14901747e-06 7.14378981e-06 7.13446684e-06 7.12431358e-06
 7.11743010e-06 7.11818660e-06 7.13054429e-06 7.15731330e-06
 7.19996755e-06 7.25762276e-06 7.32719052e-06 7.40369559e-06
 7.48059812e-06 7.55069202e-06 7.60711211e-06 7.64433926e-06
 7.65929832e-06 7.65212714e-06 7.62708043e-06 7.59268633e-06
 7.56158687e-06 7.54893473e-06 7.57078714e-06 7.64030794e-06
 7.76428432e-06 7.94034769e-06 8.15576232e-06 8.38832808e-06
 8.60944167e-06 8.78818011e-06 8.89608683e-06 8.91294992e-06
 8.83364916e-06 8.67648182e-06 8.49292986e-06 8.37465145e-06
 8.44674396e-06 8.83168832e-06 9.58947902e-06 1.06752235e-05
 1.19456207e-05 1.31902971e-05 1.41549698e-05 1.45549643e-05
 1.40985618e-05 1.25810637e-05 1.03245155e-05 9.99520310e-06] 


Kernel:  MATERN3 
!!!!!!!!!!Gaussian Process Started!!!!!!!!! 
Hyper Params estimating.. 
New maximum log likelihood  [[23.12520217]]  found for l=  [0.13944858]  var: 0.9951875974245787 
New maximum log likelihood  [[23.25843209]]  found for l=  [0.13548971]  var: 0.9722561387888303 
New maximum log likelihood  [[24.46740724]]  found for l=  [0.12137423]  var: 0.7958876336525318 
New maximum log likelihood  [[25.84429317]]  found for l=  [0.1]  var: 0.638555912497501 
New maximum log likelihood  [[26.21237029]]  found for l=  [0.1]  var: 0.5762038816954587 
Opt Length scale:  [0.1] 
Opt variance:  0.5762038816954587 
0.5762038816954587 
MATERN3 Mean: [0.25       0.25867281 0.26734266 0.2757121  0.28348256 0.2903536
 0.29602225 0.30018217 0.30252299 0.30273104 0.30067983 0.29661598
 0.290825   0.2835878  0.27518138 0.2658795  0.2559534  0.24567239
 0.23530549 0.22514324 0.21549892 0.20668775 0.19902664 0.192835
 0.18843545 0.18615467 0.18632419 0.18923218 0.19472771 0.20242805
 0.21195325 0.22292749 0.23497812 0.24773474 0.26082836 0.2738904
 0.28655224 0.29844564 0.3092005  0.31844359 0.32579756 0.33088005
 0.33330276 0.33267049 0.32858208 0.3209139  0.31012405 0.29673564
 0.28126503 0.26422317 0.24611677 0.22744964 0.20872384 0.19044219
 0.17313958 0.1573865  0.14375862 0.13283645 0.12520685 0.12146441
 0.12221289 0.12806672 0.13957847 0.15659969 0.17859503 0.20503646
 0.23540643 0.26919656 0.30590635 0.34504197 0.38611498 0.42858301
 0.47164824 0.51444196 0.55609413 0.59573119 0.63247394 0.66543532
 0.69371826 0.71641524 0.73294344 0.74343883 0.7481179  0.74718201
 0.74081792 0.72919822 0.71248176 0.69081405 0.66433976 0.63353689
 0.59925996 0.56237474 0.52373982 0.4842088  0.44463233 0.40586025
 0.3687437  0.33409486 0.30229666 0.27348318 0.24779203 0.22536791
 0.20636308 0.19093768 0.17926019 0.17150783 0.16776337 0.16763325
 0.17059023 0.17611425 0.18369119 0.19281165 0.20296963 0.21366139
 0.22438459 0.23473537 0.24453325 0.25362716 0.26186398 0.26908815
 0.27514129 0.27986182 0.28308454 0.28464633 0.28457071 0.28310112
 0.28049003 0.27698673 0.27283798 0.26828856 0.26358191 0.25896067
 0.2546557  0.25077133 0.24733439 0.24437128 0.24190921 0.23997622
 0.23860127 0.23781433 0.23764643 0.23810706 0.23909471 0.24047423
 0.24211106 0.2438709  0.2456194  0.24722184 0.24854278 0.24944595
 0.24985783 0.24985663 0.2495416  0.24901091 0.24836182 0.24769095
 0.24709451 0.24666853 0.24650702 0.24663346 0.24698456 0.24749189
 0.24808703 0.24870142 0.24926616 0.24971191 0.24996864 0.24997007
 0.24970166 0.2491819  0.24842887 0.24745971 0.24629071 0.2449373
 0.24341411 0.24173501 0.23991313 0.23796092 0.23589015 0.23371198
 0.23143695 0.22907503 0.22663566 0.22412775 0.22155972 0.21893949
 0.21627459 0.21357207 0.21083861 0.20808049 0.20530363 0.20251359
 0.19971562 0.19691465 0.19411531 0.19132194 0.18853862 0.18576919
 0.18301722 0.18028609 0.17757893 0.17489868 0.17224809 0.16962973
 0.16704598 0.16449908 0.1619911  0.15952398 0.15709949 0.15471932
 0.15238501 0.15009797 0.14785955 0.14567094 0.1435333  0.14144764
 0.13941494 0.13743605 0.1355118  0.13364291 0.13183006 0.13007386
 0.12837488 0.12673361 0.12515053 0.12362605 0.12216054 0.12075435
 0.11940778 0.11812111 0.11689457 0.11572839 0.11462276 0.11357786
 0.11259382 0.1116708  0.1108089  0.11000822 0.10926885 0.10859088
 0.10797436 0.10741936 0.10692592 0.10649408 0.10612387 0.10581533
 0.10556847 0.10538331 0.10525986 0.10519813 0.10519813 0.10525986
 0.10538331 0.10556847 0.10581533 0.10612387 0.10649408 0.10692592
 0.10741936 0.10797436 0.10859088 0.10926885 0.11000822 0.1108089
 0.1116708  0.11259382 0.11357786 0.11462276 0.11572839 0.11689457
 0.11812111 0.11940778 0.12075435 0.12216054 0.12362605 0.12515053
 0.12673361 0.12837488 0.13007386 0.13183006 0.13364291 0.1355118
 0.13743605 0.13941494 0.14144764 0.1435333  0.14567094 0.14785955
 0.15009797 0.15238501 0.15471932 0.15709949 0.15952398 0.1619911
 0.16449908 0.16704598 0.16962973 0.17224809 0.17489868 0.17757893
 0.18028609 0.18301722 0.18576919 0.18853862 0.19132194 0.19411531
 0.19691465 0.19971562 0.20251359 0.20530363 0.20808049 0.21083861
 0.21357207 0.21627459 0.21893949 0.22155972 0.22412775 0.22663566
 0.22907503 0.23143695 0.23371198 0.23589015 0.23796092 0.23991313
 0.24173501 0.24341411 0.2449373  0.24629071 0.24745971 0.24842887
 0.2491819  0.24970166 0.24997007 0.24996864 0.24971191 0.24926616
 0.24870142 0.24808703 0.24749189 0.24698456 0.24663346 0.24650702
 0.24666853 0.24709451 0.24769095 0.24836182 0.24901091 0.2495416
 0.24985663 0.24985783 0.24944595 0.24854278 0.24722184 0.2456194
 0.2438709  0.24211106 0.24047423 0.23909471 0.23810706 0.23764643
 0.23781433 0.23860127 0.23997622 0.24190921 0.24437128 0.24733439
 0.25077133 0.2546557  0.25896067 0.26358191 0.26828856 0.27283798
 0.27698673 0.28049003 0.28310112 0.28457071 0.28464633 0.28308454
 0.27986182 0.27514129 0.26908815 0.26186398 0.25362716 0.24453325
 0.23473537 0.22438459 0.21366139 0.20296963 0.19281165 0.18369119
 0.17611425 0.17059023 0.16763325 0.16776337 0.17150783 0.17926019
 0.19093768 0.20636308 0.22536791 0.24779203 0.27348318 0.30229666
 0.33409486 0.3687437  0.40586025 0.44463233 0.4842088  0.52373982
 0.56237474 0.59925996 0.63353689 0.66433976 0.69081405 0.71248176
 0.72919822 0.74081792 0.74718201 0.7481179  0.74343883 0.73294344
 0.71641524 0.69371826 0.66543532 0.63247394 0.59573119 0.55609413
 0.51444196 0.47164824 0.42858301 0.38611498 0.34504197 0.30590635
 0.26919656 0.23540643 0.20503646 0.17859503 0.15659969 0.13957847
 0.12806672 0.12221289 0.12146441 0.12520685 0.13283645 0.14375862
 0.1573865  0.17313958 0.19044219 0.20872384 0.22744964 0.24611677
 0.26422317 0.28126503 0.29673564 0.31012405 0.3209139  0.32858208
 0.33267049 0.33330276 0.33088005 0.32579756 0.31844359 0.3092005
 0.29844564 0.28655224 0.2738904  0.26082836 0.24773474 0.23497812
 0.22292749 0.21195325 0.20242805 0.19472771 0.18923218 0.18632419
 0.18615467 0.18843545 0.192835   0.19902664 0.20668775 0.21549892
 0.22514324 0.23530549 0.24567239 0.2559534  0.2658795  0.27518138
 0.2835878  0.290825   0.29661598 0.30067983 0.30273104 0.30252299
 0.30018217 0.29602225 0.2903536  0.28348256 0.2757121  0.26734266
 0.25867281 0.25      ] 

Std_Dev: [1.00000004e-05 9.55459324e-03 1.64360677e-02 2.06603347e-02
 2.22918138e-02 2.14468663e-02 1.82995463e-02 1.30905962e-02
 6.14133202e-03 2.05934361e-03 9.51709714e-03 1.51939623e-02
 1.88099570e-02 2.02044630e-02 1.93243287e-02 1.62203193e-02
 1.10510264e-02 4.09530656e-03 3.95690954e-03 1.09198006e-02
 1.60859160e-02 1.91806939e-02 2.00524661e-02 1.86605270e-02
 1.50721157e-02 9.46749150e-03 2.15451461e-03 5.80577092e-03
 1.23551367e-02 1.70319518e-02 1.95918486e-02 1.99099493e-02
 1.79711776e-02 1.38691360e-02 7.81324416e-03 1.46466747e-04
 7.56900101e-03 1.36879334e-02 1.78625766e-02 1.98792400e-02
 1.96404799e-02 1.71576551e-02 1.25517733e-02 6.06286016e-03
 1.87181870e-03 9.23563293e-03 1.49036470e-02 1.85633779e-02
 2.00308712e-02 1.92357565e-02 1.62159342e-02 1.11204106e-02
 4.22105651e-03 3.81514693e-03 1.07992750e-02 1.59976708e-02
 1.91314614e-02 2.00455554e-02 1.86963465e-02 1.51484481e-02
 9.57956133e-03 2.29483045e-03 5.67565640e-03 1.22545035e-02
 1.69665718e-02 1.95651220e-02 1.99232002e-02 1.80237718e-02
 1.39584510e-02 7.93448050e-03 2.92073736e-04 7.44611314e-03
 1.35964607e-02 1.78074133e-02 1.98631094e-02 1.96641500e-02
 1.72199969e-02 1.26496777e-02 6.19098995e-03 1.73004486e-03
 9.11993018e-03 1.48207954e-02 1.85176923e-02 2.00245726e-02
 1.92691432e-02 1.62874039e-02 1.12263393e-02 4.35550097e-03
 3.67899426e-03 1.06911205e-02 1.59236377e-02 1.90953242e-02
 2.00490525e-02 1.87393125e-02 1.52288012e-02 9.69314406e-03
 2.43505610e-03 5.54566744e-03 1.21542605e-02 1.69015791e-02
 1.95386331e-02 1.99364795e-02 1.80761895e-02 1.40474367e-02
 8.05532211e-03 4.37447436e-04 7.32278237e-03 1.35044587e-02
 1.77516560e-02 1.98463446e-02 1.96871737e-02 1.72817124e-02
 1.27470138e-02 6.31865560e-03 1.58789306e-03 9.00370830e-03
 1.47373304e-02 1.84713374e-02 2.00175829e-02 1.93018496e-02
 1.63582374e-02 1.13317128e-02 4.48951427e-03 3.54242431e-03
 1.05824269e-02 1.58489931e-02 1.90585434e-02 2.00519080e-02
 1.87816681e-02 1.53086009e-02 9.80625279e-03 2.57490779e-03
 5.41528600e-03 1.20536552e-02 1.68363512e-02 1.95121009e-02
 1.99499294e-02 1.81289559e-02 1.41368342e-02 8.17641622e-03
 5.82568003e-04 7.20032027e-03 1.34155536e-02 1.77019578e-02
 1.98389206e-02 1.97225108e-02 1.73575133e-02 1.28577651e-02
 6.45488181e-03 1.44811331e-03 8.91331335e-03 1.47155534e-02
 1.85311852e-02 2.01634070e-02 1.95263288e-02 1.66384413e-02
 1.16236781e-02 4.72030046e-03 3.50784891e-03 1.09488330e-02
 1.67779236e-02 2.06426367e-02 2.22772614e-02 2.14867591e-02
 1.81363731e-02 1.21449258e-02 3.48069938e-03 7.45410709e-03
 1.92786351e-02 3.17110770e-02 4.46001900e-02 5.78224817e-02
 7.12757668e-02 8.48746550e-02 9.85472755e-02 1.12232827e-01
 1.25879700e-01 1.39444003e-01 1.52888392e-01 1.66181115e-01
 1.79295236e-01 1.92207983e-01 2.04900206e-01 2.17355910e-01
 2.29561867e-01 2.41507274e-01 2.53183461e-01 2.64583633e-01
 2.75702651e-01 2.86536833e-01 2.97083783e-01 3.07342236e-01
 3.17311927e-01 3.26993465e-01 3.36388230e-01 3.45498275e-01
 3.54326239e-01 3.62875272e-01 3.71148967e-01 3.79151292e-01
 3.86886543e-01 3.94359285e-01 4.01574312e-01 4.08536606e-01
 4.15251297e-01 4.21723634e-01 4.27958950e-01 4.33962641e-01
 4.39740137e-01 4.45296882e-01 4.50638316e-01 4.55769853e-01
 4.60696870e-01 4.65424689e-01 4.69958567e-01 4.74303681e-01
 4.78465124e-01 4.82447887e-01 4.86256860e-01 4.89896820e-01
 4.93372424e-01 4.96688206e-01 4.99848570e-01 5.02857787e-01
 5.05719992e-01 5.08439178e-01 5.11019196e-01 5.13463748e-01
 5.15776394e-01 5.17960540e-01 5.20019442e-01 5.21956205e-01
 5.23773780e-01 5.25474964e-01 5.27062401e-01 5.28538577e-01
 5.29905827e-01 5.31166326e-01 5.32322096e-01 5.33375002e-01
 5.34326755e-01 5.35178907e-01 5.35932856e-01 5.36589846e-01
 5.37150963e-01 5.37617138e-01 5.37989147e-01 5.38267611e-01
 5.38452995e-01 5.38545610e-01 5.38545610e-01 5.38452995e-01
 5.38267611e-01 5.37989147e-01 5.37617138e-01 5.37150963e-01
 5.36589846e-01 5.35932856e-01 5.35178907e-01 5.34326755e-01
 5.33375002e-01 5.32322096e-01 5.31166326e-01 5.29905827e-01
 5.28538577e-01 5.27062401e-01 5.25474964e-01 5.23773780e-01
 5.21956205e-01 5.20019442e-01 5.17960540e-01 5.15776394e-01
 5.13463748e-01 5.11019196e-01 5.08439178e-01 5.05719992e-01
 5.02857787e-01 4.99848570e-01 4.96688206e-01 4.93372424e-01
 4.89896820e-01 4.86256860e-01 4.82447887e-01 4.78465124e-01
 4.74303681e-01 4.69958567e-01 4.65424689e-01 4.60696870e-01
 4.55769853e-01 4.50638316e-01 4.45296882e-01 4.39740137e-01
 4.33962641e-01 4.27958950e-01 4.21723634e-01 4.15251297e-01
 4.08536606e-01 4.01574312e-01 3.94359285e-01 3.86886543e-01
 3.79151292e-01 3.71148967e-01 3.62875272e-01 3.54326239e-01
 3.45498275e-01 3.36388230e-01 3.26993465e-01 3.17311927e-01
 3.07342236e-01 2.97083783e-01 2.86536833e-01 2.75702651e-01
 2.64583633e-01 2.53183461e-01 2.41507274e-01 2.29561867e-01
 2.17355910e-01 2.04900206e-01 1.92207983e-01 1.79295236e-01
 1.66181115e-01 1.52888392e-01 1.39444003e-01 1.25879700e-01
 1.12232827e-01 9.85472755e-02 8.48746550e-02 7.12757668e-02
 5.78224817e-02 4.46001900e-02 3.17110770e-02 1.92786351e-02
 7.45410709e-03 3.48069938e-03 1.21449258e-02 1.81363731e-02
 2.14867591e-02 2.22772614e-02 2.06426367e-02 1.67779236e-02
 1.09488330e-02 3.50784891e-03 4.72030046e-03 1.16236781e-02
 1.66384413e-02 1.95263288e-02 2.01634070e-02 1.85311852e-02
 1.47155534e-02 8.91331335e-03 1.44811331e-03 6.45488181e-03
 1.28577651e-02 1.73575133e-02 1.97225108e-02 1.98389206e-02
 1.77019578e-02 1.34155536e-02 7.20032027e-03 5.82568003e-04
 8.17641622e-03 1.41368342e-02 1.81289559e-02 1.99499294e-02
 1.95121009e-02 1.68363512e-02 1.20536552e-02 5.41528600e-03
 2.57490779e-03 9.80625279e-03 1.53086009e-02 1.87816681e-02
 2.00519080e-02 1.90585434e-02 1.58489931e-02 1.05824269e-02
 3.54242431e-03 4.48951427e-03 1.13317128e-02 1.63582374e-02
 1.93018496e-02 2.00175829e-02 1.84713374e-02 1.47373304e-02
 9.00370830e-03 1.58789306e-03 6.31865560e-03 1.27470138e-02
 1.72817124e-02 1.96871737e-02 1.98463446e-02 1.77516560e-02
 1.35044587e-02 7.32278237e-03 4.37447435e-04 8.05532211e-03
 1.40474367e-02 1.80761895e-02 1.99364795e-02 1.95386331e-02
 1.69015791e-02 1.21542605e-02 5.54566744e-03 2.43505610e-03
 9.69314406e-03 1.52288012e-02 1.87393125e-02 2.00490525e-02
 1.90953242e-02 1.59236377e-02 1.06911205e-02 3.67899426e-03
 4.35550097e-03 1.12263393e-02 1.62874039e-02 1.92691432e-02
 2.00245726e-02 1.85176923e-02 1.48207954e-02 9.11993018e-03
 1.73004486e-03 6.19098995e-03 1.26496777e-02 1.72199969e-02
 1.96641500e-02 1.98631094e-02 1.78074133e-02 1.35964607e-02
 7.44611314e-03 2.92073736e-04 7.93448050e-03 1.39584510e-02
 1.80237718e-02 1.99232002e-02 1.95651220e-02 1.69665718e-02
 1.22545035e-02 5.67565640e-03 2.29483045e-03 9.57956133e-03
 1.51484481e-02 1.86963465e-02 2.00455554e-02 1.91314614e-02
 1.59976708e-02 1.07992750e-02 3.81514693e-03 4.22105651e-03
 1.11204106e-02 1.62159342e-02 1.92357565e-02 2.00308712e-02
 1.85633779e-02 1.49036470e-02 9.23563293e-03 1.87181870e-03
 6.06286016e-03 1.25517733e-02 1.71576551e-02 1.96404799e-02
 1.98792400e-02 1.78625766e-02 1.36879334e-02 7.56900101e-03
 1.46466747e-04 7.81324416e-03 1.38691360e-02 1.79711776e-02
 1.99099493e-02 1.95918486e-02 1.70319518e-02 1.23551367e-02
 5.80577092e-03 2.15451461e-03 9.46749150e-03 1.50721157e-02
 1.86605270e-02 2.00524661e-02 1.91806939e-02 1.60859160e-02
 1.09198006e-02 3.95690954e-03 4.09530656e-03 1.10510264e-02
 1.62203193e-02 1.93243287e-02 2.02044630e-02 1.88099570e-02
 1.51939623e-02 9.51709714e-03 2.05934361e-03 6.14133202e-03
 1.30905962e-02 1.82995463e-02 2.14468663e-02 2.22918138e-02
 2.06603347e-02 1.64360677e-02 9.55459324e-03 9.99999764e-06] 
