
Start time:  221901_08092020 
kernel_type:  SE 	number_of_test_datapoints:  500 	noise: 0.0 	random_seed: 500 
linspacexmin: 0 	linspacexmax: 15 	linspaceymin: -0.5 	linspaceymax: 1.5 
signal_variance: 1 	number_of_dimensions: 1 	number_of_observed_samples: 40 
hyper_params_estimation: False 	number_of_restarts_likelihood: 100 	lengthscale_bounds: [[0.1, 1]] 	signal_variance_bounds: [0.1, 1] 
Xmin: 0 	Xmax: 15 	ymin: -0.5 	ymax: 1.5 	char_len_scale: 0.2 	len_weights: [0.1, 0.3, 0.2] 	len_weights_bounds: [[0.1, 5], [0.1, 5], [0.1, 5], [0.1, 5]] 	weight_params_estimation: False 
X: [[0.        ]
 [0.01754386]
 [0.03508772]
 [0.05263158]
 [0.07017544]
 [0.0877193 ]
 [0.10526316]
 [0.12280702]
 [0.14035088]
 [0.15789474]
 [0.1754386 ]
 [0.19298246]
 [0.21052632]
 [0.22807018]
 [0.24561404]
 [0.26315789]
 [0.28070175]
 [0.29824561]
 [0.31578947]
 [0.33333333]
 [0.66666667]
 [0.68421053]
 [0.70175439]
 [0.71929825]
 [0.73684211]
 [0.75438596]
 [0.77192982]
 [0.78947368]
 [0.80701754]
 [0.8245614 ]
 [0.84210526]
 [0.85964912]
 [0.87719298]
 [0.89473684]
 [0.9122807 ]
 [0.92982456]
 [0.94736842]
 [0.96491228]
 [0.98245614]
 [1.        ]] 	y: [[0.25      ]
 [0.25000008]
 [0.25000258]
 [0.25005332]
 [0.25071568]
 [0.25623141]
 [0.28519501]
 [0.37894432]
 [0.55644296]
 [0.72241466]
 [0.72241466]
 [0.55644296]
 [0.37894432]
 [0.28519501]
 [0.25623141]
 [0.25071568]
 [0.25005332]
 [0.25000258]
 [0.25000008]
 [0.25      ]
 [0.25048422]
 [0.25031894]
 [0.25148613]
 [0.255713  ]
 [0.26811873]
 [0.2974075 ]
 [0.35233462]
 [0.43224441]
 [0.51775769]
 [0.57455316]
 [0.57455316]
 [0.51775769]
 [0.43224441]
 [0.35233462]
 [0.2974075 ]
 [0.26811873]
 [0.255713  ]
 [0.25148613]
 [0.25031894]
 [0.25005647]] 


Kernel:  SE 
!!!!!!!!!!Gaussian Process Started!!!!!!!!! 
Hyper Params estimating.. 
New maximum log likelihood  [[-5861.69828552]]  found for l=  [0.1]  var: 1.0 
Opt Length scale:  [0.1] 
Opt variance:  1.0 
1.0 
SE Mean: [ 0.24951236  0.24670597  0.24582073  0.24617689  0.24724039  0.24860484
  0.24997396  0.25114504  0.25199362  0.25245902  0.25253099  0.25223786
  0.2516357   0.2507989   0.24981179  0.24876159  0.24773281  0.24680225
  0.24603601  0.24548621  0.24519002  0.24516882  0.24542808  0.24595818
  0.24673597  0.24772623  0.24888416  0.25015754  0.2514897   0.25282202
  0.25409657  0.25525906  0.25626123  0.25706293  0.25763443  0.25795782
  0.25802856  0.25785643  0.25746588  0.25689643  0.25620207  0.25545095
  0.254724    0.25411385  0.25372291  0.25366132  0.25404478  0.25499221
  0.25662316  0.25905504  0.26240046  0.26676488  0.27224364  0.27891975
  0.28686174  0.29612144  0.30673228  0.3187081   0.33204166  0.3467041
  0.3626446   0.37979033  0.39804688  0.41729888  0.43741132  0.4582312
  0.47958895  0.50130096  0.52317172  0.54499654  0.56656438  0.58766112
  0.60807177  0.6275843   0.64599248  0.66309881  0.67871758  0.69267718
  0.70482317  0.71502045  0.72315467  0.72913483  0.73289373  0.73438976
  0.73360686  0.73055476  0.7252696   0.71781218  0.70826784  0.69674501
  0.68337316  0.66830146  0.65169601  0.63373781  0.6146197   0.59454392
  0.57371878  0.55235598  0.53066771  0.50886307  0.487146    0.46571187
  0.44474541  0.42441813  0.40488585  0.3862878   0.36874429  0.35235577
  0.33720215  0.32334215  0.31081344  0.29963244  0.28979553  0.28127939
  0.27404282  0.26802746  0.26316051  0.25935598  0.25651753  0.25453992
  0.25331232  0.25272013  0.25264775  0.25298075  0.25360824  0.2544251
  0.25533379  0.25624614  0.25708477  0.25778472  0.25829351  0.25857233
  0.2585963   0.25835388  0.25784667  0.25708891  0.25610596  0.2549332
  0.25361411  0.25219872  0.25074162  0.24929948  0.2479291   0.24668516
  0.24561808  0.24477149  0.24418123  0.24387249  0.24385933  0.24414328
  0.24471263  0.2455424   0.24659433  0.24781785  0.2491517   0.25052556
  0.25186251  0.25308276  0.25410677  0.25486013  0.2552779   0.25531057
  0.25492957  0.25413388  0.2529562   0.25147046  0.24979856  0.24811754
  0.24666706  0.24575633  0.24577076  0.24717889  0.25053829  0.25650119
  0.26581932  0.27934789  0.29804906  0.32299407  0.35536437  0.3964517
  0.44765673  0.51048683  0.58655195  0.67755952  0.78530773  0.91167763
  1.05862338  1.22816181  1.42235994  1.64332177  1.89317339  2.17404741
  2.48806602  2.83732344  3.22386733  3.64967985  4.11665809  4.62659411
  5.18115522  5.78186391  6.4300782   7.12697258  7.87351923  8.67047039
  9.51834156 10.41739581 11.36762967 12.36876043 13.42021519 14.52112153
 15.67030045 16.86626125 18.10719852 19.39099159 20.71520609 22.077098
 23.47362016 24.90143101 26.35690579 27.83615012 29.33501574 30.84911857
 32.37385868 33.90444241 35.43590613 36.9631418  38.48092392 39.98393773
 41.46680865 42.92413245 44.35050608 45.74055901 47.08898459 48.3905715
 49.64023483 50.83304657 51.96426543 53.02936556 54.02406406 54.94434712
 55.78649441 56.54710172 57.22310149 57.81178139 58.3108003  58.71820222
 59.03242732 59.25232069 59.37713821 59.40654997 59.3406407  59.1799078
 58.92525655 58.5779927  58.13981267 57.61279115 56.99936649 56.3023238
 55.52477609 54.67014346 53.74213058 52.74470265 51.68206004 50.55861175
 49.37894801 48.14781215 46.87007195 45.55069076 44.19469855 42.8071631
 41.39316159 39.95775272 38.5059496  37.04269355 35.5728291  34.10108012
 32.63202746 31.17008814 29.71949607 28.28428468 26.86827132 25.47504345
 24.107947   22.77007649 21.46426724 20.19308955 18.95884484 17.76356367
 16.60900573 15.49666157 14.42775601 13.40325337 12.42386406 11.49005268
 10.60204746  9.75985086  8.96325117  8.2118352   7.50500156  6.84197472
  6.22181958  5.64345629  5.10567547  4.60715342  4.14646736  3.7221105
  3.33250688  2.9760258   2.65099589  2.35571846  2.08848035  1.84756606
  1.63126902  1.43790216  1.26580751  1.113365    0.97900029  0.8611917
  0.75847618  0.66945443  0.59279506  0.52723782  0.47159617  0.42475877
  0.38569041  0.35343215  0.32710075  0.30588754  0.2890567   0.27594304
  0.26594941  0.25854363  0.25325517  0.24967163  0.24743493  0.24623737
  0.24581775  0.24595725  0.24647551  0.24722668  0.24809557  0.24899399
  0.24985719  0.25064053  0.25131644  0.25187138  0.25230336  0.25261943
  0.25283359  0.2529649   0.25303584  0.25307096  0.25309562  0.25313522
  0.25321431  0.25335615  0.25358228  0.25391238  0.25436412  0.25495319
  0.25569344  0.25659708  0.25767489  0.2589365   0.26039068  0.26204568
  0.26390942  0.26598982  0.26829496  0.2708333   0.27361379  0.27664587
  0.27993961  0.28350553  0.28735456  0.29149783  0.2959465   0.30071145
  0.30580299  0.31123056  0.3170023   0.32312474  0.32960237  0.33643729
  0.34362883  0.35117324  0.35906332  0.36728823  0.37583318  0.38467932
  0.39380359  0.40317869  0.4127731   0.42255114  0.43247315  0.44249566
  0.45257174  0.46265133  0.47268161  0.4826075   0.49237217  0.50191757
  0.51118505  0.52011589  0.52865205  0.53673665  0.54431474  0.55133381
  0.55774444  0.56350085  0.56856144  0.57288923  0.57645236  0.57922439
  0.58118466  0.5823185   0.58261738  0.58207909  0.58070761  0.57851321
  0.5755122   0.57172683  0.56718493  0.56191961  0.55596892  0.54937532
  0.54218526  0.53444861  0.5262181   0.51754881  0.50849745  0.49912187
  0.48948039  0.47963125  0.46963201  0.45953904  0.44940694  0.43928815
  0.42923247  0.41928666  0.40949414  0.39989475  0.39052447  0.3814153
  0.37259513  0.36408777  0.35591289  0.34808614  0.34061924  0.33352018
  0.3267934   0.32044004  0.31445823  0.3088434   0.3035885   0.29868448
  0.29412048  0.28988426  0.28596244  0.28234087  0.27900486  0.27593948
  0.27312981  0.27056105  0.26821881  0.26608917  0.26415875  0.26241487
  0.26084546  0.25943909  0.25818501  0.25707293  0.25609308  0.255236
  0.25449249  0.25385345  0.25330979  0.25285235  0.25247175  0.25215838
  0.25190239  0.25169367  0.25152196  0.25137697  0.25124851  0.25112688
  0.25100306  0.25086926  0.25071933  0.25054933  0.25035827  0.25014877
  0.24992795  0.2497083   0.24950869  0.24935537  0.24928312  0.24933636
  0.24957043  0.25005271] 

Std_Dev: [9.99520865e-06 1.03245102e-05 1.25810505e-05 1.40985894e-05
 1.45549719e-05 1.41549777e-05 1.31903013e-05 1.19456160e-05
 1.06751975e-05 9.58948480e-06 8.83169461e-06 8.44672424e-06
 8.37462493e-06 8.49291679e-06 8.67645623e-06 8.83362403e-06
 8.91294369e-06 8.89608059e-06 8.78816747e-06 8.60948681e-06
 8.38833469e-06 8.15574190e-06 7.94037566e-06 7.76424857e-06
 7.64028614e-06 7.57078714e-06 7.54892738e-06 7.56152080e-06
 7.59269364e-06 7.62711682e-06 7.65217792e-06 7.65928382e-06
 7.64434652e-06 7.60715590e-06 7.55069202e-06 7.48058328e-06
 7.40367309e-06 7.32722083e-06 7.25758452e-06 7.19999839e-06
 7.15734432e-06 7.13049758e-06 7.11817880e-06 7.11739891e-06
 7.12429800e-06 7.13443571e-06 7.14382866e-06 7.14899418e-06
 7.14765072e-06 7.13857387e-06 7.12181198e-06 7.09827258e-06
 7.06988259e-06 7.03885494e-06 7.00754732e-06 6.97831895e-06
 6.95305650e-06 6.93306050e-06 6.91889814e-06 6.91042857e-06
 6.90685298e-06 6.90702979e-06 6.90943241e-06 6.91256500e-06
 6.91497372e-06 6.91566407e-06 6.91388990e-06 6.90944044e-06
 6.90244723e-06 6.89338572e-06 6.88308653e-06 6.87237612e-06
 6.86217483e-06 6.85318157e-06 6.84593629e-06 6.84072046e-06
 6.83751436e-06 6.83597165e-06 6.83569555e-06 6.83606097e-06
 6.83649946e-06 6.83653193e-06 6.83592292e-06 6.83441234e-06
 6.83221897e-06 6.82969978e-06 6.82730976e-06 6.82567528e-06
 6.82534997e-06 6.82669993e-06 6.83010617e-06 6.83543568e-06
 6.84248115e-06 6.85063768e-06 6.85930248e-06 6.86738246e-06
 6.87420138e-06 6.87899643e-06 6.88128783e-06 6.88086027e-06
 6.87806029e-06 6.87352302e-06 6.86837663e-06 6.86375209e-06
 6.86123640e-06 6.86208585e-06 6.86755220e-06 6.87832662e-06
 6.89454523e-06 6.91578447e-06 6.94082268e-06 6.96801783e-06
 6.99533739e-06 7.02055049e-06 7.04152003e-06 7.05654554e-06
 7.06460422e-06 7.06547636e-06 7.05996669e-06 7.04987149e-06
 7.03799527e-06 7.02769474e-06 7.02276408e-06 7.02677050e-06
 7.04268668e-06 7.07214354e-06 7.11514453e-06 7.16996744e-06
 7.23321305e-06 7.29992663e-06 7.36421206e-06 7.42019477e-06
 7.46258871e-06 7.48744428e-06 7.49321748e-06 7.48103593e-06
 7.45528788e-06 7.42373249e-06 7.39663683e-06 7.38623520e-06
 7.40457277e-06 7.46123476e-06 7.56094082e-06 7.70179602e-06
 7.87426622e-06 8.06222366e-06 8.24485437e-06 8.39931283e-06
 8.50436045e-06 8.54401969e-06 8.51165493e-06 8.41496820e-06
 8.28121224e-06 8.16111718e-06 8.12840246e-06 8.26709655e-06
 8.64443961e-06 9.27794449e-06 1.01189802e-05 1.10594276e-05
 1.19497000e-05 1.26142268e-05 1.28642985e-05 1.25216444e-05
 1.14886938e-05 1.00024426e-05 9.45091391e-06 1.27150221e-05
 2.08056019e-05 3.31813780e-05 4.98499534e-05 7.12446536e-05
 9.79920550e-05 1.30830512e-04 1.70582176e-04 2.18141992e-04
 2.74472151e-04 3.40598630e-04 4.17608192e-04 5.06645125e-04
 6.08907738e-04 7.25644109e-04 8.58147470e-04 1.00775072e-03
 1.17582034e-03 1.36374965e-03 1.57295146e-03 1.80484984e-03
 2.06087164e-03 2.34243708e-03 2.65095003e-03 2.98778779e-03
 3.35429029e-03 3.75174914e-03 4.18139627e-03 4.64439240e-03
 5.14181537e-03 5.67464851e-03 6.24376890e-03 6.84993598e-03
 7.49378029e-03 8.17579251e-03 8.89631311e-03 9.65552238e-03
 1.04534311e-02 1.12898723e-02 1.21644932e-02 1.30767485e-02
 1.40258947e-02 1.50109856e-02 1.60308683e-02 1.70841812e-02
 1.81693528e-02 1.92846020e-02 2.04279400e-02 2.15971728e-02
 2.27899061e-02 2.40035510e-02 2.52353313e-02 2.64822918e-02
 2.77413092e-02 2.90091027e-02 3.02822469e-02 3.15571859e-02
 3.28302480e-02 3.40976623e-02 3.53555753e-02 3.66000693e-02
 3.78271810e-02 3.90329209e-02 4.02132936e-02 4.13643177e-02
 4.24820468e-02 4.35625900e-02 4.46021330e-02 4.55969587e-02
 4.65434671e-02 4.74381958e-02 4.82778388e-02 4.90592655e-02
 4.97795380e-02 5.04359285e-02 5.10259343e-02 5.15472928e-02
 5.19979940e-02 5.23762930e-02 5.26807196e-02 5.29100871e-02
 5.30634993e-02 5.31403559e-02 5.31403558e-02 5.30634989e-02
 5.29100864e-02 5.26807187e-02 5.23762919e-02 5.19979926e-02
 5.15472911e-02 5.10259325e-02 5.04359265e-02 4.97795357e-02
 4.90592630e-02 4.82778361e-02 4.74381929e-02 4.65434641e-02
 4.55969555e-02 4.46021297e-02 4.35625865e-02 4.24820432e-02
 4.13643140e-02 4.02132899e-02 3.90329171e-02 3.78271770e-02
 3.66000653e-02 3.53555713e-02 3.40976582e-02 3.28302440e-02
 3.15571819e-02 3.02822429e-02 2.90090987e-02 2.77413053e-02
 2.64822879e-02 2.52353274e-02 2.40035473e-02 2.27899024e-02
 2.15971692e-02 2.04279365e-02 1.92845986e-02 1.81693494e-02
 1.70841780e-02 1.60308652e-02 1.50109827e-02 1.40258919e-02
 1.30767458e-02 1.21644906e-02 1.12898699e-02 1.04534288e-02
 9.65552019e-03 8.89631106e-03 8.17579059e-03 7.49377849e-03
 6.84993431e-03 6.24376734e-03 5.67464707e-03 5.14181404e-03
 4.64439117e-03 4.18139514e-03 3.75174810e-03 3.35428935e-03
 2.98778694e-03 2.65094927e-03 2.34243638e-03 2.06087102e-03
 1.80484930e-03 1.57295097e-03 1.36374924e-03 1.17581997e-03
 1.00775040e-03 8.58147207e-04 7.25643886e-04 6.08907540e-04
 5.06644981e-04 4.17608064e-04 3.40598520e-04 2.74472052e-04
 2.18141925e-04 1.70582147e-04 1.30830463e-04 9.79920102e-05
 7.12446567e-05 4.98499323e-05 3.31813780e-05 2.08055966e-05
 1.27150221e-05 9.45089042e-06 1.00024315e-05 1.14886793e-05
 1.25216311e-05 1.28642770e-05 1.26141828e-05 1.19496861e-05
 1.10594176e-05 1.01189692e-05 9.27796843e-06 8.64441393e-06
 8.26709655e-06 8.12837514e-06 8.16111037e-06 8.28118543e-06
 8.41496161e-06 8.51162884e-06 8.54399370e-06 8.50436698e-06
 8.39927317e-06 8.24481397e-06 8.06219611e-06 7.87425917e-06
 7.70178160e-06 7.56094082e-06 7.46122732e-06 7.40455778e-06
 7.38622017e-06 7.39663683e-06 7.42371753e-06 7.45530277e-06
 7.48099141e-06 7.49319526e-06 7.48743687e-06 7.46256639e-06
 7.42021722e-06 7.36421959e-06 7.29991903e-06 7.23323608e-06
 7.16995970e-06 7.11509772e-06 7.07208074e-06 7.04267880e-06
 7.02680210e-06 7.02275618e-06 7.02767894e-06 7.03796372e-06
 7.04989511e-06 7.05993524e-06 7.06545279e-06 7.06461994e-06
 7.05656127e-06 7.04152003e-06 7.02055049e-06 6.99533739e-06
 6.96800987e-06 6.94079069e-06 6.91575236e-06 6.89454523e-06
 6.87829433e-06 6.86754412e-06 6.86208585e-06 6.86121212e-06
 6.86376018e-06 6.86835239e-06 6.87353918e-06 6.87807643e-06
 6.88090061e-06 6.88125556e-06 6.87896415e-06 6.87419331e-06
 6.86739862e-06 6.85925392e-06 6.85069441e-06 6.84248926e-06
 6.83546004e-06 6.83008178e-06 6.82673245e-06 6.82532557e-06
 6.82565902e-06 6.82730163e-06 6.82971604e-06 6.83220272e-06
 6.83439610e-06 6.83588232e-06 6.83659689e-06 6.83650758e-06
 6.83606909e-06 6.83571991e-06 6.83598789e-06 6.83753059e-06
 6.84072857e-06 6.84598495e-06 6.85318967e-06 6.86218292e-06
 6.87239228e-06 6.88307847e-06 6.89340183e-06 6.90247136e-06
 6.90942437e-06 6.91390596e-06 6.91569618e-06 6.91494964e-06
 6.91252485e-06 6.90946454e-06 6.90702175e-06 6.90686905e-06
 6.91045266e-06 6.91892221e-06 6.93304449e-06 6.95307247e-06
 6.97834281e-06 7.00753148e-06 7.03880762e-06 7.06987473e-06
 7.09829604e-06 7.12181977e-06 7.13855831e-06 7.14762743e-06
 7.14902524e-06 7.14381312e-06 7.13445128e-06 7.12429800e-06
 7.11744570e-06 7.11817880e-06 7.13058321e-06 7.15732881e-06
 7.20000610e-06 7.25759981e-06 7.32718295e-06 7.40368809e-06
 7.48059812e-06 7.55067731e-06 7.60712671e-06 7.64436831e-06
 7.65934181e-06 7.65215615e-06 7.62710954e-06 7.59272288e-06
 7.56152814e-06 7.54894209e-06 7.57078714e-06 7.64027888e-06
 7.76426287e-06 7.94035468e-06 8.15571467e-06 8.38832146e-06
 8.60946746e-06 8.78818642e-06 8.89606811e-06 8.91291255e-06
 8.83364288e-06 8.67645623e-06 8.49294293e-06 8.37466470e-06
 8.44676367e-06 8.83170089e-06 9.58945007e-06 1.06751715e-05
 1.19456207e-05 1.31903182e-05 1.41550169e-05 1.45549566e-05
 1.40985658e-05 1.25810461e-05 1.03245155e-05 9.99520310e-06] 


Kernel:  MATERN3 
!!!!!!!!!!Gaussian Process Started!!!!!!!!! 
Hyper Params estimating.. 
New maximum log likelihood  [[66.59336501]]  found for l=  [0.31456738]  var: 0.9101892943786251 
New maximum log likelihood  [[68.43967707]]  found for l=  [0.21537922]  var: 0.5251258165815371 
New maximum log likelihood  [[69.0832449]]  found for l=  [0.16245109]  var: 0.3293459307596361 
New maximum log likelihood  [[69.25299634]]  found for l=  [0.14789843]  var: 0.3097398471746177 
Opt Length scale:  [0.14789843] 
Opt variance:  0.3097398471746177 
0.3097398471746177 
MATERN3 Mean: [0.25       0.25025029 0.2503957  0.25045434 0.25044419 0.25038307
 0.25028866 0.25017851 0.25007012 0.24998082 0.24992111 0.24988803
 0.24987702 0.2498835  0.24990278 0.24993016 0.24996084 0.24998995
 0.25001269 0.25002749 0.25003606 0.25004018 0.25004156 0.25004183
 0.25004253 0.25004513 0.25005104 0.25006175 0.25008008 0.2501096
 0.25015377 0.25021602 0.25029972 0.25040819 0.25054468 0.25071244
 0.25091776 0.25118016 0.25152262 0.25196813 0.25253973 0.25326049
 0.2541536  0.25524236 0.25655028 0.25811492 0.26000262 0.26228354
 0.26502822 0.26830758 0.2721931  0.27675681 0.28207142 0.2882101
 0.29523944 0.30321896 0.31220879 0.32227005 0.33346495 0.34585687
 0.35951039 0.37449137 0.39085307 0.40851516 0.42732309 0.44712259
 0.46776036 0.4890839  0.51094131 0.53318112 0.55565216 0.57818037
 0.60048952 0.62227464 0.64323    0.66304876 0.68142263 0.69804153
 0.71259325 0.7247636  0.73433163 0.74128148 0.74562141 0.74735658
 0.74648905 0.7430178  0.73693868 0.72824449 0.71693014 0.70313728
 0.68717263 0.66934919 0.64997773 0.62936708 0.60782453 0.58565614
 0.5631671  0.54065324 0.51831956 0.49631788 0.47479953 0.45391626
 0.43382035 0.41466481 0.39660356 0.3797916  0.36435325 0.35026462
 0.3374594  0.32587258 0.3154404  0.30610028 0.29779072 0.29045129
 0.2840225  0.27844134 0.27363549 0.26953198 0.26605856 0.26314358
 0.26071592 0.25870492 0.25704031 0.25565275 0.25449344 0.25353755
 0.25276178 0.25214293 0.25165792 0.25128371 0.25099733 0.25077583
 0.25059729 0.25045128 0.25033439 0.25024329 0.25017458 0.25012484
 0.25009055 0.25006817 0.25005409 0.25004499 0.25003933 0.25003609
 0.25003413 0.25003228 0.25002927 0.25002377 0.25001435 0.24999952
 0.24997913 0.2499564  0.24993496 0.24991835 0.24991006 0.24991352
 0.24993207 0.24996901 0.25002739 0.25010343 0.25018498 0.25025931
 0.25031361 0.25033496 0.25031035 0.25022661 0.25007046 0.24982937
 0.24950132 0.24909101 0.24860309 0.24804204 0.24741218 0.24671771
 0.24596266 0.2451509  0.24428621 0.2433722  0.24241236 0.24141006
 0.24036855 0.23929097 0.23818032 0.23703953 0.23587139 0.23467861
 0.2334638  0.23222945 0.23097799 0.22971175 0.22843296 0.22714378
 0.22584628 0.22454248 0.22323428 0.22192354 0.22061203 0.21930147
 0.21799351 0.21668972 0.21539162 0.21410067 0.21281829 0.2115458
 0.21028452 0.20903567 0.20780046 0.20658002 0.20537545 0.2041878
 0.20301808 0.20186726 0.20073626 0.19962597 0.19853722 0.19747084
 0.1964276  0.19540824 0.19441346 0.19344394 0.19250032 0.19158323
 0.19069323 0.18983089 0.18899674 0.18819127 0.18741497 0.18666829
 0.18595165 0.18526546 0.18461009 0.18398591 0.18339326 0.18283244
 0.18230375 0.18180748 0.18134387 0.18091316 0.18051557 0.1801513
 0.17982052 0.17952341 0.17926011 0.17903074 0.17883542 0.17867425
 0.17854729 0.17845462 0.17839627 0.17837229 0.17838267 0.17842742
 0.17850651 0.17861992 0.17876758 0.17894943 0.17916539 0.17941534
 0.17969918 0.18001676 0.18036793 0.18075252 0.18117035 0.1816212
 0.18210484 0.18262104 0.18316953 0.18375002 0.18436221 0.18500577
 0.18568037 0.18638562 0.18712114 0.18788651 0.1886813  0.18950504
 0.19035724 0.1912374  0.19214496 0.19307936 0.19404    0.19502626
 0.19603747 0.19707294 0.19813196 0.19921377 0.20031756 0.20144253
 0.2025878  0.20375246 0.20493558 0.20613616 0.20735319 0.20858558
 0.20983221 0.21109193 0.21236352 0.2136457  0.21493716 0.21623653
 0.21754237 0.21885319 0.22016745 0.22148353 0.22279976 0.2241144
 0.22542562 0.22673154 0.22803021 0.22931959 0.23059755 0.23186192
 0.23311039 0.23434061 0.23555011 0.23673633 0.23789663 0.23902824
 0.24012832 0.24119389 0.24222189 0.24320913 0.24415229 0.24504795
 0.24589255 0.24668241 0.2474137  0.24808245 0.24868458 0.24921581
 0.24967175 0.25004783 0.25033931 0.25054143 0.25065708 0.25070111
 0.25068925 0.25063712 0.25056018 0.25047383 0.25039335 0.25033397
 0.2503103  0.2503279  0.25038499 0.25047952 0.25060941 0.25077255
 0.25096679 0.25118993 0.25143973 0.25171494 0.25202136 0.2523677
 0.25276267 0.25321493 0.25373314 0.25432596 0.25500205 0.25577008
 0.25663966 0.25762335 0.25873435 0.25998593 0.26139145 0.26296432
 0.2647181  0.26666644 0.26882315 0.2712025  0.27381953 0.27668948
 0.2798278  0.28325014 0.28697239 0.29101067 0.29538139 0.30010071
 0.30517672 0.31061061 0.31640364 0.32255739 0.32907373 0.33595484
 0.34320319 0.35082156 0.35881007 0.36714765 0.37580411 0.38474943
 0.3939538  0.40338759 0.4130213  0.42282551 0.43277089 0.44282278
 0.45292828 0.46303052 0.47307249 0.48299697 0.49274649 0.50226319
 0.51148887 0.52036486 0.52883677 0.5368578  0.54438127 0.55135978
 0.55774517 0.56348848 0.56853986 0.5728485  0.5763642  0.57906472
 0.58095274 0.58203073 0.58230013 0.58176129 0.5804135  0.57825498
 0.57528288 0.57149799 0.56693606 0.56164845 0.55568561 0.54909711
 0.54193164 0.53423709 0.52606061 0.51744866 0.50844959 0.49912041
 0.48951965 0.47970541 0.46973539 0.45966698 0.44955733 0.43946339
 0.42944189 0.41954031 0.40978967 0.40021932 0.39085872 0.3817374
 0.37288504 0.36433153 0.35610695 0.34824081 0.34074611 0.33362047
 0.32686122 0.32046597 0.31443265 0.30875949 0.30344502 0.29848807
 0.29388651 0.28962843 0.28569728 0.28207676 0.27875084 0.2757037
 0.27291978 0.27038368 0.26808024 0.26599459 0.2641127  0.2624208
 0.26090527 0.25955258 0.25834933 0.25728219 0.2563379  0.25550327
 0.25476661 0.25411897 0.25355173 0.25305627 0.25262399 0.25224625
 0.25191442 0.25161984 0.25135405 0.25111383 0.25090107 0.25071785
 0.25056619 0.25044807 0.25036543 0.25032018 0.25031419 0.25034786
 0.25040916 0.25047975 0.25054115 0.25057479 0.25056201 0.25048402
 0.25032188 0.25005647] 

Std_Dev: [9.99999903e-06 2.92439447e-03 5.01663634e-03 6.28946020e-03
 6.76925176e-03 6.49722728e-03 5.53119259e-03 3.94818639e-03
 1.84848380e-03 6.18949867e-04 2.85918407e-03 4.56349342e-03
 5.64820149e-03 6.06537200e-03 5.79943103e-03 4.86620149e-03
 3.31407149e-03 1.22762690e-03 1.18601907e-03 3.27370781e-03
 4.82331696e-03 5.75183486e-03 6.01332857e-03 5.59548404e-03
 4.51873683e-03 2.83774506e-03 6.45652878e-04 1.73992278e-03
 3.70362652e-03 5.10652710e-03 5.87463959e-03 5.97008978e-03
 5.38830431e-03 4.15768595e-03 2.34168235e-03 4.49082565e-05
 2.26845698e-03 4.10332474e-03 5.35569792e-03 5.96084129e-03
 5.88919008e-03 5.14419235e-03 3.76255418e-03 1.81695697e-03
 5.60937274e-04 2.76812984e-03 4.46798498e-03 5.56597371e-03
 6.00634250e-03 5.76773597e-03 4.86165774e-03 3.33329148e-03
 1.26491741e-03 1.14326769e-03 3.23699075e-03 4.79617785e-03
 5.73643899e-03 6.01074901e-03 5.60587279e-03 4.54141931e-03
 2.87125196e-03 6.87681599e-04 1.70089356e-03 3.67339868e-03
 5.08686051e-03 5.86657340e-03 5.97403030e-03 5.40406053e-03
 4.18446189e-03 2.37802327e-03 8.80275631e-05 2.23161393e-03
 4.07588447e-03 5.33914255e-03 5.95599723e-03 5.89629074e-03
 5.16289512e-03 3.79191642e-03 1.85536403e-03 5.18461000e-04
 2.73343835e-03 4.44313148e-03 5.55226485e-03 6.00445206e-03
 5.77775451e-03 4.88309903e-03 3.36505741e-03 1.30521099e-03
 1.10246428e-03 3.20455842e-03 4.77396793e-03 5.72559499e-03
 6.01179848e-03 5.61876548e-03 4.56552368e-03 2.90530887e-03
 7.29698635e-04 1.66193066e-03 3.64333513e-03 5.06736116e-03
 5.85862438e-03 5.97801537e-03 5.41978855e-03 4.21115327e-03
 2.41425172e-03 1.31412378e-04 2.19464112e-03 4.04828940e-03
 5.32241286e-03 5.95096618e-03 5.90319997e-03 5.18141176e-03
 3.82110938e-03 1.89363270e-03 4.75873226e-04 2.69859181e-03
 4.41809452e-03 5.53835563e-03 6.00235467e-03 5.78756938e-03
 4.90435001e-03 3.39665743e-03 1.34537599e-03 1.06153653e-03
 3.17196538e-03 4.75157606e-03 5.71456010e-03 6.01265841e-03
 5.63147871e-03 4.58946596e-03 2.93922705e-03 7.71605540e-04
 1.62285379e-03 3.61317376e-03 5.04781169e-03 5.85069377e-03
 5.98209336e-03 5.43566977e-03 4.23801658e-03 2.45059179e-03
 1.74810617e-04 2.15799141e-03 4.02179042e-03 5.30780179e-03
 5.94918259e-03 5.91437521e-03 5.20479639e-03 3.85493086e-03
 1.93485501e-03 4.34114606e-04 2.67258547e-03 4.41411703e-03
 5.56064233e-03 6.05226522e-03 5.86256099e-03 4.99665590e-03
 3.49148390e-03 1.41828023e-03 1.05503337e-03 3.29928708e-03
 5.06622289e-03 6.24667481e-03 6.75654424e-03 6.53216452e-03
 5.52727376e-03 3.71100114e-03 1.06656403e-03 2.29692426e-03
 5.98294276e-03 9.91258703e-03 1.40435458e-02 1.83405943e-02
 2.27739326e-02 2.73180322e-02 3.19508048e-02 3.66529846e-02
 4.14076577e-02 4.61998963e-02 5.10164687e-02 5.58456049e-02
 6.06768063e-02 6.55006868e-02 7.03088412e-02 7.50937325e-02
 7.98485971e-02 8.45673625e-02 8.92445757e-02 9.38753422e-02
 9.84552704e-02 1.02980425e-01 1.07447282e-01 1.11852694e-01
 1.16193855e-01 1.20468269e-01 1.24673722e-01 1.28808262e-01
 1.32870170e-01 1.36857945e-01 1.40770281e-01 1.44606054e-01
 1.48364304e-01 1.52044223e-01 1.55645137e-01 1.59166500e-01
 1.62607881e-01 1.65968950e-01 1.69249474e-01 1.72449305e-01
 1.75568373e-01 1.78606678e-01 1.81564282e-01 1.84441307e-01
 1.87237922e-01 1.89954343e-01 1.92590826e-01 1.95147661e-01
 1.97625169e-01 2.00023699e-01 2.02343618e-01 2.04585316e-01
 2.06749196e-01 2.08835674e-01 2.10845173e-01 2.12778126e-01
 2.14634965e-01 2.16416126e-01 2.18122044e-01 2.19753150e-01
 2.21309870e-01 2.22792623e-01 2.24201818e-01 2.25537857e-01
 2.26801128e-01 2.27992004e-01 2.29110848e-01 2.30158003e-01
 2.31133798e-01 2.32038545e-01 2.32872534e-01 2.33636039e-01
 2.34329311e-01 2.34952584e-01 2.35506066e-01 2.35989946e-01
 2.36404390e-01 2.36749540e-01 2.37025516e-01 2.37232413e-01
 2.37370305e-01 2.37439239e-01 2.37439239e-01 2.37370305e-01
 2.37232413e-01 2.37025516e-01 2.36749540e-01 2.36404390e-01
 2.35989946e-01 2.35506066e-01 2.34952584e-01 2.34329311e-01
 2.33636039e-01 2.32872534e-01 2.32038545e-01 2.31133798e-01
 2.30158003e-01 2.29110848e-01 2.27992004e-01 2.26801128e-01
 2.25537857e-01 2.24201818e-01 2.22792623e-01 2.21309870e-01
 2.19753150e-01 2.18122044e-01 2.16416126e-01 2.14634965e-01
 2.12778126e-01 2.10845173e-01 2.08835674e-01 2.06749196e-01
 2.04585316e-01 2.02343618e-01 2.00023699e-01 1.97625169e-01
 1.95147661e-01 1.92590826e-01 1.89954343e-01 1.87237922e-01
 1.84441307e-01 1.81564282e-01 1.78606678e-01 1.75568373e-01
 1.72449305e-01 1.69249474e-01 1.65968950e-01 1.62607881e-01
 1.59166500e-01 1.55645137e-01 1.52044223e-01 1.48364304e-01
 1.44606054e-01 1.40770281e-01 1.36857945e-01 1.32870170e-01
 1.28808262e-01 1.24673722e-01 1.20468269e-01 1.16193855e-01
 1.11852694e-01 1.07447282e-01 1.02980425e-01 9.84552704e-02
 9.38753422e-02 8.92445757e-02 8.45673625e-02 7.98485971e-02
 7.50937325e-02 7.03088412e-02 6.55006868e-02 6.06768063e-02
 5.58456049e-02 5.10164687e-02 4.61998963e-02 4.14076577e-02
 3.66529846e-02 3.19508048e-02 2.73180322e-02 2.27739326e-02
 1.83405943e-02 1.40435458e-02 9.91258703e-03 5.98294276e-03
 2.29692426e-03 1.06656403e-03 3.71100114e-03 5.52727376e-03
 6.53216452e-03 6.75654424e-03 6.24667481e-03 5.06622289e-03
 3.29928708e-03 1.05503337e-03 1.41828023e-03 3.49148390e-03
 4.99665590e-03 5.86256099e-03 6.05226522e-03 5.56064233e-03
 4.41411703e-03 2.67258547e-03 4.34114606e-04 1.93485501e-03
 3.85493086e-03 5.20479639e-03 5.91437521e-03 5.94918259e-03
 5.30780179e-03 4.02179042e-03 2.15799141e-03 1.74810617e-04
 2.45059179e-03 4.23801658e-03 5.43566977e-03 5.98209336e-03
 5.85069377e-03 5.04781169e-03 3.61317376e-03 1.62285379e-03
 7.71605540e-04 2.93922705e-03 4.58946596e-03 5.63147871e-03
 6.01265841e-03 5.71456010e-03 4.75157606e-03 3.17196538e-03
 1.06153653e-03 1.34537599e-03 3.39665743e-03 4.90435001e-03
 5.78756938e-03 6.00235467e-03 5.53835563e-03 4.41809452e-03
 2.69859181e-03 4.75873226e-04 1.89363270e-03 3.82110938e-03
 5.18141176e-03 5.90319997e-03 5.95096618e-03 5.32241286e-03
 4.04828940e-03 2.19464112e-03 1.31412378e-04 2.41425172e-03
 4.21115327e-03 5.41978855e-03 5.97801537e-03 5.85862438e-03
 5.06736116e-03 3.64333513e-03 1.66193066e-03 7.29698635e-04
 2.90530887e-03 4.56552368e-03 5.61876548e-03 6.01179848e-03
 5.72559499e-03 4.77396793e-03 3.20455842e-03 1.10246428e-03
 1.30521099e-03 3.36505741e-03 4.88309903e-03 5.77775451e-03
 6.00445206e-03 5.55226485e-03 4.44313148e-03 2.73343835e-03
 5.18461000e-04 1.85536403e-03 3.79191642e-03 5.16289512e-03
 5.89629074e-03 5.95599723e-03 5.33914255e-03 4.07588447e-03
 2.23161393e-03 8.80275628e-05 2.37802327e-03 4.18446189e-03
 5.40406053e-03 5.97403030e-03 5.86657340e-03 5.08686051e-03
 3.67339868e-03 1.70089356e-03 6.87681598e-04 2.87125196e-03
 4.54141931e-03 5.60587279e-03 6.01074901e-03 5.73643899e-03
 4.79617785e-03 3.23699075e-03 1.14326769e-03 1.26491741e-03
 3.33329148e-03 4.86165774e-03 5.76773597e-03 6.00634250e-03
 5.56597371e-03 4.46798498e-03 2.76812984e-03 5.60937274e-04
 1.81695697e-03 3.76255418e-03 5.14419235e-03 5.88919008e-03
 5.96084129e-03 5.35569792e-03 4.10332474e-03 2.26845698e-03
 4.49082560e-05 2.34168235e-03 4.15768595e-03 5.38830431e-03
 5.97008978e-03 5.87463959e-03 5.10652710e-03 3.70362652e-03
 1.73992278e-03 6.45652878e-04 2.83774506e-03 4.51873683e-03
 5.59548404e-03 6.01332857e-03 5.75183486e-03 4.82331696e-03
 3.27370781e-03 1.18601907e-03 1.22762690e-03 3.31407149e-03
 4.86620149e-03 5.79943103e-03 6.06537200e-03 5.64820149e-03
 4.56349342e-03 2.85918407e-03 6.18949867e-04 1.84848380e-03
 3.94818639e-03 5.53119259e-03 6.49722728e-03 6.76925176e-03
 6.28946020e-03 5.01663634e-03 2.92439447e-03 9.99999694e-06] 


Kernel:  MKL 
!!!!!!!!!!Gaussian Process Started!!!!!!!!! 
New maximum log likelihood  [[64.86360395]]  found for params  [4.51813088 1.01214848 1.2828583  3.79542305 0.31875679] 
New maximum log likelihood  [[65.54750309]]  found for params  [4.23878413 1.18923792 0.24507653 3.66233911 0.30301972] 
New maximum log likelihood  [[67.62707879]]  found for params  [2.12773479 2.2809255  2.9589647  1.21979633 0.18712211] 
New maximum log likelihood  [[69.04887857]]  found for params  [0.47485193 4.60346648 3.55763069 1.80277852 0.14052757] 
New maximum log likelihood  [[69.29254369]]  found for params  [0.13973784 0.93693136 0.74438419 2.94330201 0.32553612] 
New maximum log likelihood  [[69.58016925]]  found for params  [0.17559742 1.15528004 0.13705725 0.24520819 0.28291004] 
Opt weights:  [0.17559742 1.15528004 0.13705725 0.24520819]    variance: 0.28291003987881713 
0.28291003987881713 
MKL Mean: [0.25       0.2500829  0.25013104 0.25015044 0.25014707 0.25012683
 0.25009557 0.25005912 0.25002326 0.24999371 0.24997395 0.24996302
 0.24995944 0.24996169 0.24996825 0.24997756 0.24998806 0.24999813
 0.25000621 0.25001188 0.25001592 0.25001916 0.25002237 0.25002632
 0.25003176 0.25003941 0.25004997 0.25006432 0.25008511 0.25011593
 0.25016037 0.25022201 0.25030445 0.25041126 0.25054606 0.25071245
 0.25091709 0.25117933 0.25152189 0.2519676  0.25253936 0.25326023
 0.25415338 0.25524221 0.25655036 0.25811545 0.26000363 0.2622849
 0.26502969 0.2683089  0.27219405 0.27675729 0.28207151 0.28821013
 0.29523974 0.30321964 0.31220976 0.32227112 0.33346589 0.3458575
 0.35951064 0.37449138 0.3908532  0.4085157  0.42732404 0.44712381
 0.46776162 0.48908493 0.51094194 0.53318134 0.55565217 0.57818057
 0.60049015 0.62227568 0.64323126 0.66304999 0.68142359 0.69804207
 0.71259339 0.72476361 0.73433193 0.74128223 0.74562254 0.74735789
 0.74649027 0.74301869 0.73693913 0.72824456 0.71693019 0.70313767
 0.68717346 0.66935037 0.64997902 0.62936822 0.60782531 0.58565647
 0.56316713 0.54065335 0.51832005 0.49631879 0.47480073 0.45391752
 0.4338214  0.41466548 0.3966038  0.3797916  0.3643534  0.35026513
 0.33746027 0.32587365 0.31544146 0.3061011  0.29779117 0.29045139
 0.28402252 0.27844165 0.27363623 0.26953312 0.26605991 0.2631449
 0.26071697 0.25870554 0.25704048 0.25565268 0.25449335 0.25353752
 0.25276176 0.25214283 0.25165764 0.25128325 0.25099683 0.25077562
 0.25059795 0.25045322 0.25033768 0.2502477  0.25017965 0.2501299
 0.25009484 0.25007085 0.25005429 0.25004196 0.25003265 0.25002579
 0.25002079 0.25001705 0.25001391 0.25001074 0.25000684 0.25000151
 0.24999453 0.24998691 0.24997979 0.24997429 0.24997152 0.24997255
 0.24997843 0.24999019 0.25000877 0.25003296 0.25005891 0.25008257
 0.25009987 0.25010668 0.25009887 0.25007221 0.25002246 0.24994561
 0.24984108 0.24971052 0.24955551 0.24937763 0.24917834 0.24895909
 0.24872127 0.24846619 0.24819515 0.24790936 0.24761002 0.24729825
 0.24697515 0.24664176 0.24629909 0.24594811 0.24558972 0.24522483
 0.24485428 0.24447887 0.24409939 0.24371657 0.24333114 0.24294376
 0.24255508 0.24216572 0.24177627 0.24138729 0.24099932 0.24061286
 0.2402284  0.2398464  0.2394673  0.23909151 0.23871943 0.23835142
 0.23798786 0.23762906 0.23727534 0.23692702 0.23658436 0.23624764
 0.2359171  0.23559299 0.23527552 0.23496491 0.23466136 0.23436504
 0.23407613 0.2337948  0.23352119 0.23325544 0.23299769 0.23274807
 0.23250668 0.23227363 0.23204901 0.23183294 0.23162547 0.2314267
 0.2312367  0.23105553 0.23088325 0.23071993 0.2305656  0.23042031
 0.23028412 0.23015705 0.23003914 0.22993043 0.22983093 0.22974068
 0.22965968 0.22958798 0.22952557 0.22947247 0.22942869 0.22939424
 0.22936912 0.22935335 0.22934692 0.22934982 0.22936207 0.22938364
 0.22941454 0.22945476 0.22950428 0.22956309 0.22963117 0.22970851
 0.22979509 0.22989087 0.22999584 0.23010996 0.2302332  0.23036553
 0.2305069  0.23065727 0.2308166  0.23098484 0.23116192 0.23134779
 0.23154239 0.23174563 0.23195745 0.23217777 0.23240649 0.23264353
 0.23288877 0.23314212 0.23340344 0.23367263 0.23394954 0.23423404
 0.23452596 0.23482515 0.23513144 0.23544463 0.23576455 0.23609097
 0.23642367 0.23676244 0.237107   0.23745712 0.2378125  0.23817285
 0.23853788 0.23890724 0.23928059 0.23965758 0.24003782 0.2404209
 0.24080641 0.2411939  0.2415829  0.24197293 0.24236346 0.24275396
 0.24314386 0.24353257 0.24391948 0.24430392 0.24468522 0.24506267
 0.24543553 0.24580303 0.24616436 0.24651866 0.24686508 0.24720267
 0.2475305  0.24784757 0.24815283 0.24844522 0.2487236  0.24898682
 0.24923365 0.24946284 0.24967307 0.249863   0.25003119 0.25017619
 0.25029648 0.25039047 0.25045653 0.25049302 0.25050138 0.25048785
 0.25045906 0.25042159 0.25038197 0.25034671 0.2503223  0.25031519
 0.25033166 0.25037467 0.25044455 0.25054153 0.25066586 0.25081779
 0.25099757 0.25120547 0.25144173 0.25170737 0.25200823 0.25235223
 0.25274733 0.25320151 0.25372278 0.25431923 0.254999   0.25577029
 0.25664236 0.25762768 0.25873947 0.25999106 0.26139592 0.26296766
 0.26472007 0.26666711 0.26882294 0.271202   0.27381907 0.2766892
 0.2798277  0.28325013 0.28697237 0.29101059 0.29538131 0.30010089
 0.30517734 0.31061166 0.31640496 0.32255875 0.32907488 0.33595559
 0.3432035  0.35082158 0.35881017 0.36714809 0.37580492 0.38475047
 0.39395486 0.40338845 0.41302181 0.42282566 0.4327709  0.44282302
 0.45292894 0.46303156 0.47307372 0.48299815 0.49274738 0.50226367
 0.51148897 0.52036488 0.5288371  0.53685856 0.54438238 0.55136103
 0.55774632 0.5634893  0.56854024 0.57284855 0.57636427 0.57906516
 0.58095361 0.58203192 0.58230141 0.5817624  0.58041423 0.57825527
 0.57528289 0.57149812 0.56693659 0.56164939 0.55568683 0.54909835
 0.54193265 0.53423771 0.52606081 0.51744866 0.50844981 0.49912104
 0.48952068 0.47970665 0.4697366  0.45966792 0.44955786 0.43946352
 0.4294419  0.41954056 0.40979029 0.40022026 0.39085978 0.38173836
 0.37288571 0.36433183 0.35610697 0.3482409  0.3407466  0.33362145
 0.32686256 0.32046747 0.31443404 0.30876053 0.30344556 0.29848814
 0.29388635 0.28962819 0.28569698 0.28207636 0.27875025 0.27570291
 0.27291889 0.27038298 0.26808025 0.26599603 0.26411592 0.26242576
 0.26091155 0.2595595  0.25835597 0.25728746 0.25634059 0.25550214
 0.25476061 0.25410769 0.25353548 0.25303615 0.25260194 0.25222513
 0.25189804 0.25161304 0.25136263 0.25114238 0.25095079 0.25078652
 0.2506482  0.25053451 0.25044408 0.2503756  0.2503277  0.25029872
 0.25028398 0.25027729 0.25027246 0.25026323 0.25024335 0.25020651
 0.25014635 0.25005647] 

Std_Dev: [1.00000004e-05 2.87819156e-03 4.93552609e-03 6.18565650e-03
 6.65545481e-03 6.38618831e-03 5.43525817e-03 3.87880087e-03
 1.81561920e-03 6.07849735e-04 2.80769495e-03 4.48106478e-03
 5.54593692e-03 5.95534242e-03 5.69405889e-03 4.77766902e-03
 3.25371124e-03 1.20524847e-03 1.16438679e-03 3.21397702e-03
 4.73529346e-03 5.64684858e-03 5.90355447e-03 5.49332644e-03
 4.43623010e-03 2.78592763e-03 6.33865166e-04 1.70814927e-03
 3.63598995e-03 5.01326880e-03 5.76735234e-03 5.86105836e-03
 5.28989733e-03 4.08175353e-03 2.29891617e-03 4.41291065e-05
 2.22702794e-03 4.02838430e-03 5.25788467e-03 5.85197594e-03
 5.78163326e-03 5.05024173e-03 3.69383717e-03 1.78377391e-03
 5.50695853e-04 2.71757463e-03 4.38638418e-03 5.46431971e-03
 5.89664581e-03 5.66239707e-03 4.77286705e-03 3.27241429e-03
 1.24181698e-03 1.12238916e-03 3.17787238e-03 4.70858306e-03
 5.63167168e-03 5.90097184e-03 5.50349008e-03 4.45847732e-03
 2.81881334e-03 6.75124764e-04 1.66983028e-03 3.60630989e-03
 4.99395681e-03 5.75942937e-03 5.86492374e-03 5.30536363e-03
 4.10803923e-03 2.33459288e-03 8.64408046e-05 2.19085754e-03
 4.00144483e-03 5.24163128e-03 5.84722001e-03 5.78860398e-03
 5.06860276e-03 3.72266306e-03 1.82147948e-03 5.08995611e-04
 2.68351672e-03 4.36198458e-03 5.45086121e-03 5.89478989e-03
 5.67223264e-03 4.79391674e-03 3.30360007e-03 1.28137460e-03
 1.08233103e-03 3.14603238e-03 4.68677876e-03 5.62102573e-03
 5.90200214e-03 5.51614731e-03 4.48214146e-03 2.85224825e-03
 7.16374265e-04 1.63157900e-03 3.57679541e-03 4.97481359e-03
 5.75162553e-03 5.86883603e-03 5.32080440e-03 4.13424313e-03
 2.37015967e-03 1.29026346e-04 2.15456001e-03 3.97435374e-03
 5.22520714e-03 5.84228086e-03 5.79538702e-03 5.08678122e-03
 3.75132286e-03 1.85904920e-03 4.67185960e-04 2.64930662e-03
 4.33740488e-03 5.43720602e-03 5.89273079e-03 5.68186825e-03
 4.81477961e-03 3.33462296e-03 1.32080601e-03 1.04215084e-03
 3.11403467e-03 4.66479597e-03 5.61019257e-03 5.90284663e-03
 5.52862866e-03 4.50564677e-03 2.88554719e-03 7.57515738e-04
 1.59321606e-03 3.54718559e-03 4.95562250e-03 5.74384183e-03
 5.87284231e-03 5.33639886e-03 4.16061915e-03 2.40583854e-03
 1.71628732e-04 2.11858431e-03 3.94835141e-03 5.21088603e-03
 5.84056433e-03 5.80640281e-03 5.10978927e-03 3.78457448e-03
 1.89954940e-03 4.26199707e-04 2.62386445e-03 4.33371035e-03
 5.45944545e-03 5.94224503e-03 5.75613412e-03 4.90609968e-03
 3.42833870e-03 1.39269965e-03 1.03610195e-03 3.24057227e-03
 4.97691282e-03 6.13771748e-03 6.64007873e-03 6.42103763e-03
 5.43460827e-03 3.64979298e-03 1.04929215e-03 2.26097309e-03
 5.89333223e-03 9.77097840e-03 1.38528261e-02 1.81046391e-02
 2.24974198e-02 2.70062923e-02 3.16096971e-02 3.62887936e-02
 4.10270050e-02 4.58096650e-02 5.06237374e-02 5.54575904e-02
 6.03008125e-02 6.51440603e-02 6.99789308e-02 7.47978540e-02
 7.95940013e-02 8.43612064e-02 8.90938970e-02 9.37870360e-02
 9.84360688e-02 1.03036878e-01 1.07585741e-01 1.12079297e-01
 1.16514512e-01 1.20888651e-01 1.25199252e-01 1.29444101e-01
 1.33621213e-01 1.37728811e-01 1.41765310e-01 1.45729298e-01
 1.49619524e-01 1.53434886e-01 1.57174412e-01 1.60837258e-01
 1.64422689e-01 1.67930075e-01 1.71358880e-01 1.74708653e-01
 1.77979024e-01 1.81169692e-01 1.84280423e-01 1.87311039e-01
 1.90261418e-01 1.93131487e-01 1.95921213e-01 1.98630605e-01
 2.01259705e-01 2.03808585e-01 2.06277348e-01 2.08666116e-01
 2.10975036e-01 2.13204269e-01 2.15353994e-01 2.17424401e-01
 2.19415691e-01 2.21328071e-01 2.23161757e-01 2.24916968e-01
 2.26593923e-01 2.28192843e-01 2.29713951e-01 2.31157462e-01
 2.32523593e-01 2.33812552e-01 2.35024542e-01 2.36159760e-01
 2.37218395e-01 2.38200626e-01 2.39106623e-01 2.39936546e-01
 2.40690542e-01 2.41368748e-01 2.41971290e-01 2.42498278e-01
 2.42949811e-01 2.43325975e-01 2.43626841e-01 2.43852467e-01
 2.44002895e-01 2.44078154e-01 2.44078260e-01 2.44003211e-01
 2.43852992e-01 2.43627576e-01 2.43326917e-01 2.42950958e-01
 2.42499628e-01 2.41972840e-01 2.41370496e-01 2.40692483e-01
 2.39938677e-01 2.39108940e-01 2.38203123e-01 2.37221068e-01
 2.36162603e-01 2.35027549e-01 2.33815717e-01 2.32526911e-01
 2.31160926e-01 2.29717552e-01 2.28196576e-01 2.26597778e-01
 2.24920939e-01 2.23165837e-01 2.21332250e-01 2.19419960e-01
 2.17428753e-01 2.15358419e-01 2.13208759e-01 2.10979582e-01
 2.08670709e-01 2.06281978e-01 2.03813244e-01 2.01264382e-01
 1.98635292e-01 1.95925901e-01 1.93136166e-01 1.90266080e-01
 1.87315673e-01 1.84285021e-01 1.81174246e-01 1.77983525e-01
 1.74713093e-01 1.71363250e-01 1.67934367e-01 1.64426896e-01
 1.60841373e-01 1.57178428e-01 1.53438795e-01 1.49623321e-01
 1.45732976e-01 1.41768864e-01 1.37732236e-01 1.33624504e-01
 1.29447255e-01 1.25202264e-01 1.20891519e-01 1.16517233e-01
 1.12081869e-01 1.07588163e-01 1.03039149e-01 9.84381890e-02
 9.37890057e-02 8.90957173e-02 8.43628791e-02 7.95955290e-02
 7.47992397e-02 6.99801782e-02 6.51451738e-02 6.03017973e-02
 5.54584521e-02 5.06244824e-02 4.58103002e-02 4.10275377e-02
 3.62892318e-02 3.16100494e-02 2.70065674e-02 2.24976269e-02
 1.81047876e-02 1.38529256e-02 9.77103851e-03 5.89336236e-03
 2.26098231e-03 1.04929553e-03 3.64980300e-03 5.43462086e-03
 6.42105002e-03 6.64008922e-03 6.13772523e-03 4.97691768e-03
 3.24057461e-03 1.03610247e-03 1.39270015e-03 3.42833969e-03
 4.90610081e-03 5.75613517e-03 5.94224588e-03 5.45944605e-03
 4.33371070e-03 2.62386459e-03 4.26199722e-04 1.89954945e-03
 3.78457454e-03 5.10978934e-03 5.80640286e-03 5.84056436e-03
 5.21088605e-03 3.94835142e-03 2.11858431e-03 1.71628733e-04
 2.40583855e-03 4.16061916e-03 5.33639888e-03 5.87284232e-03
 5.74384183e-03 4.95562250e-03 3.54718559e-03 1.59321606e-03
 7.57515738e-04 2.88554719e-03 4.50564677e-03 5.52862866e-03
 5.90284663e-03 5.61019257e-03 4.66479597e-03 3.11403467e-03
 1.04215084e-03 1.32080601e-03 3.33462296e-03 4.81477961e-03
 5.68186825e-03 5.89273080e-03 5.43720602e-03 4.33740488e-03
 2.64930662e-03 4.67185960e-04 1.85904920e-03 3.75132286e-03
 5.08678122e-03 5.79538702e-03 5.84228086e-03 5.22520714e-03
 3.97435374e-03 2.15456001e-03 1.29026346e-04 2.37015967e-03
 4.13424313e-03 5.32080440e-03 5.86883603e-03 5.75162553e-03
 4.97481359e-03 3.57679541e-03 1.63157900e-03 7.16374265e-04
 2.85224825e-03 4.48214146e-03 5.51614731e-03 5.90200214e-03
 5.62102573e-03 4.68677876e-03 3.14603238e-03 1.08233103e-03
 1.28137460e-03 3.30360007e-03 4.79391674e-03 5.67223264e-03
 5.89478989e-03 5.45086122e-03 4.36198458e-03 2.68351672e-03
 5.08995611e-04 1.82147948e-03 3.72266306e-03 5.06860276e-03
 5.78860398e-03 5.84722001e-03 5.24163128e-03 4.00144483e-03
 2.19085754e-03 8.64408041e-05 2.33459288e-03 4.10803923e-03
 5.30536363e-03 5.86492374e-03 5.75942937e-03 4.99395681e-03
 3.60630989e-03 1.66983028e-03 6.75124764e-04 2.81881334e-03
 4.45847732e-03 5.50349008e-03 5.90097184e-03 5.63167168e-03
 4.70858306e-03 3.17787238e-03 1.12238916e-03 1.24181698e-03
 3.27241430e-03 4.77286705e-03 5.66239708e-03 5.89664581e-03
 5.46431971e-03 4.38638418e-03 2.71757463e-03 5.50695853e-04
 1.78377391e-03 3.69383717e-03 5.05024174e-03 5.78163326e-03
 5.85197594e-03 5.25788468e-03 4.02838430e-03 2.22702795e-03
 4.41291052e-05 2.29891619e-03 4.08175359e-03 5.28989743e-03
 5.86105850e-03 5.76735251e-03 5.01326899e-03 3.63599012e-03
 1.70814937e-03 6.33865213e-04 2.78592794e-03 4.43623079e-03
 5.49332760e-03 5.90355612e-03 5.64685065e-03 4.73529571e-03
 3.21397900e-03 1.16438773e-03 1.20524991e-03 3.25371711e-03
 4.77768112e-03 5.69407824e-03 5.95536882e-03 5.54596844e-03
 4.48109710e-03 2.80772059e-03 6.07856786e-04 1.81565045e-03
 3.87889588e-03 5.43543554e-03 6.38645420e-03 6.65579780e-03
 6.18604250e-03 4.93589292e-03 2.87844315e-03 1.00000004e-05] 

End time:  222428_08092020 
