Total EI VAR Regret
 [[47.99271777 21.30569342  6.96993399  6.96993399  4.93372978  4.93372978
   4.93372978  4.93372978  4.93372978  4.93372978  4.93372978  4.93372978
   4.93372978  4.93372978  4.93372978  4.93372978  4.93372978  4.93372978
   4.93372978  4.93372978  4.93372978  4.93372978  4.93372978  4.93372978
   4.93372978  4.93372978  4.93372978  4.93372978  4.93372978  4.93372978
   2.03668001  2.03668001  2.03668001  0.93261267  0.23360789  0.23360789
   0.23360789  0.23360789  0.23360789  0.23360789  0.23360789  0.23360789
   0.23360789  0.23360789  0.23360789  0.23360789  0.23360789  0.23360789
   0.23360789  0.23360789  0.23360789  0.23313791  0.23313791  0.23313791
   0.23313791  0.23313791]
 [10.19301951 10.19301951 10.19301951 10.19301951 10.19301951 10.19301951
  10.19301951 10.19301951 10.19301951 10.19301951 10.19301951 10.19301951
  10.19301951 10.19301951 10.19301951 10.19301951 10.19301951 10.19301951
  10.19301951 10.19301951 10.19301951 10.19301951 10.19301951 10.19301951
  10.19301951 10.19301951  0.23086504  0.23086504  0.23086504  0.23086504
   0.23086504  0.23086504  0.23086504  0.23086504  0.23086504  0.23086504
   0.23086504  0.23086504  0.23086504  0.23086504  0.23086504  0.23086504
   0.23086504  0.23086504  0.23086504  0.19068086  0.19068086  0.19068086
   0.19068086  0.19068086  0.19068086  0.19068086  0.19068086  0.19068086
   0.19068086  0.19068086]]

VAR Regret Mean [29.09286864 15.74935647  8.58147675  8.58147675  7.56337465  7.56337465
  7.56337465  7.56337465  7.56337465  7.56337465  7.56337465  7.56337465
  7.56337465  7.56337465  7.56337465  7.56337465  7.56337465  7.56337465
  7.56337465  7.56337465  7.56337465  7.56337465  7.56337465  7.56337465
  7.56337465  7.56337465  2.58229741  2.58229741  2.58229741  2.58229741
  1.13377253  1.13377253  1.13377253  0.58173885  0.23223646  0.23223646
  0.23223646  0.23223646  0.23223646  0.23223646  0.23223646  0.23223646
  0.23223646  0.23223646  0.23223646  0.21214437  0.21214437  0.21214437
  0.21214437  0.21214437  0.21214437  0.21190938  0.21190938  0.21190938
  0.21190938  0.21190938]

VAR Regret Deviation_std_error
 [2.52559857e+00 7.42496757e-01 2.15351460e-01 2.15351460e-01
 3.51401076e-01 3.51401076e-01 3.51401076e-01 3.51401076e-01
 3.51401076e-01 3.51401076e-01 3.51401076e-01 3.51401076e-01
 3.51401076e-01 3.51401076e-01 3.51401076e-01 3.51401076e-01
 3.51401076e-01 3.51401076e-01 3.51401076e-01 3.51401076e-01
 3.51401076e-01 3.51401076e-01 3.51401076e-01 3.51401076e-01
 3.51401076e-01 3.51401076e-01 3.14223368e-01 3.14223368e-01
 3.14223368e-01 3.14223368e-01 1.20656088e-01 1.20656088e-01
 1.20656088e-01 4.68874853e-02 1.83263936e-04 1.83263936e-04
 1.83263936e-04 1.83263936e-04 1.83263936e-04 1.83263936e-04
 1.83263936e-04 1.83263936e-04 1.83263936e-04 1.83263936e-04
 1.83263936e-04 2.86818273e-03 2.86818273e-03 2.86818273e-03
 2.86818273e-03 2.86818273e-03 2.86818273e-03 2.83678093e-03
 2.83678093e-03 2.83678093e-03 2.83678093e-03 2.83678093e-03]


Total EI FIX Regret
 [[47.99271777 21.30569342  6.96993399  6.96993399  4.93372978  4.93372978
   4.93372978  4.93372978  4.93372978  4.93372978  4.93372978  4.93372978
   4.93372978  3.97718494  2.00928181  2.00928181  2.00928181  2.00928181
   1.6720336   1.6720336   1.6720336   1.6720336   1.6720336   1.6720336
   1.6720336   0.57035545  0.57035545  0.57035545  0.57035545  0.57035545
   0.57035545  0.57035545  0.57035545  0.57035545  0.57035545  0.57035545
   0.57035545  0.57035545  0.57035545  0.57035545  0.57035545  0.57035545
   0.57035545  0.57035545  0.57035545  0.57035545  0.57035545  0.24227926
   0.24227926  0.24227926  0.24227926  0.24227926  0.24227926  0.24227926
   0.24227926  0.24227926]
 [10.19301951 10.19301951 10.19301951 10.19301951 10.19301951 10.19301951
  10.19301951 10.19301951 10.19301951 10.19301951 10.19301951 10.19301951
  10.19301951 10.19301951 10.19301951 10.19301951 10.19301951 10.19301951
  10.19301951  9.13972321  9.13972321  9.13972321  9.13972321  9.13972321
   9.13972321  6.4643961   6.4643961   5.00563585  3.49478567  3.49478567
   3.49478567  3.49478567  0.90152406  0.59358013  0.59358013  0.59358013
   0.59358013  0.59358013  0.59358013  0.59358013  0.59358013  0.59358013
   0.59358013  0.59358013  0.59358013  0.59358013  0.59358013  0.59358013
   0.59358013  0.59358013  0.59358013  0.59358013  0.59358013  0.59358013
   0.59358013  0.59358013]]

Multi Regret Mean [29.09286864 15.74935647  8.58147675  8.58147675  7.56337465  7.56337465
  7.56337465  7.56337465  7.56337465  7.56337465  7.56337465  7.56337465
  7.56337465  7.08510223  6.10115066  6.10115066  6.10115066  6.10115066
  5.93252656  5.4058784   5.4058784   5.4058784   5.4058784   5.4058784
  5.4058784   3.51737577  3.51737577  2.78799565  2.03257056  2.03257056
  2.03257056  2.03257056  0.73593975  0.58196779  0.58196779  0.58196779
  0.58196779  0.58196779  0.58196779  0.58196779  0.58196779  0.58196779
  0.58196779  0.58196779  0.58196779  0.58196779  0.58196779  0.41792969
  0.41792969  0.41792969  0.41792969  0.41792969  0.41792969  0.41792969
  0.41792969  0.41792969]

Multi Regret Deviation_std_error
 [2.52559857e+00 7.42496757e-01 2.15351460e-01 2.15351460e-01
 3.51401076e-01 3.51401076e-01 3.51401076e-01 3.51401076e-01
 3.51401076e-01 3.51401076e-01 3.51401076e-01 3.51401076e-01
 3.51401076e-01 4.15312917e-01 5.46798976e-01 5.46798976e-01
 5.46798976e-01 5.46798976e-01 5.69332320e-01 4.98956000e-01
 4.98956000e-01 4.98956000e-01 4.98956000e-01 4.98956000e-01
 4.98956000e-01 3.93812156e-01 3.93812156e-01 2.96344637e-01
 1.95396714e-01 1.95396714e-01 1.95396714e-01 1.95396714e-01
 2.21271336e-02 1.55176453e-03 1.55176453e-03 1.55176453e-03
 1.55176453e-03 1.55176453e-03 1.55176453e-03 1.55176453e-03
 1.55176453e-03 1.55176453e-03 1.55176453e-03 1.55176453e-03
 1.55176453e-03 1.55176453e-03 1.55176453e-03 2.34722771e-02
 2.34722771e-02 2.34722771e-02 2.34722771e-02 2.34722771e-02
 2.34722771e-02 2.34722771e-02 2.34722771e-02 2.34722771e-02]


Total EI ARD Regret
 [[47.99271777 21.30569342  6.96993399  6.96993399  4.93372978  4.93372978
   4.93372978  4.93372978  4.93372978  4.93372978  4.93372978  4.93372978
   4.93372978  4.93372978  4.93372978  4.93372978  4.93372978  4.93372978
   4.93372978  4.93372978  4.93372978  4.93372978  4.93372978  4.93372978
   4.93372978  2.27945381  2.27945381  2.27945381  1.86207849  1.86207849
   1.86207849  1.86207849  1.86207849  1.86207849  1.17426547  1.17426547
   1.17426547  1.17426547  1.17426547  1.17426547  1.17426547  1.17426547
   1.17426547  1.17426547  1.17426547  1.17426547  1.17426547  1.17426547
   0.61956144  0.61956144  0.61956144  0.61956144  0.42830492  0.42830492
   0.42830492  0.22685172]
 [10.19301951 10.19301951 10.19301951 10.19301951 10.19301951 10.19301951
  10.19301951 10.19301951 10.19301951 10.19301951  9.83582133  9.83582133
   9.83582133  9.83582133  9.83582133  9.83582133  9.83582133  9.83582133
   9.83582133  9.83582133  8.59680177  8.59680177  8.59680177  8.59680177
   8.59680177  8.59680177  8.13965056  8.13965056  2.05386936  2.05386936
   1.89361331  1.89361331  1.89361331  1.89361331  1.89361331  1.89361331
   1.89361331  0.69892003  0.69892003  0.69892003  0.47952165  0.47952165
   0.47952165  0.47952165  0.47952165  0.47952165  0.47952165  0.47952165
   0.20439496  0.20439496  0.20439496  0.20439496  0.20439496  0.20439496
   0.20439496  0.20439496]]

ARD Regret Mean [29.09286864 15.74935647  8.58147675  8.58147675  7.56337465  7.56337465
  7.56337465  7.56337465  7.56337465  7.56337465  7.38477556  7.38477556
  7.38477556  7.38477556  7.38477556  7.38477556  7.38477556  7.38477556
  7.38477556  7.38477556  6.76526578  6.76526578  6.76526578  6.76526578
  6.76526578  5.43812779  5.20955218  5.20955218  1.95797393  1.95797393
  1.8778459   1.8778459   1.8778459   1.8778459   1.53393939  1.53393939
  1.53393939  0.93659275  0.93659275  0.93659275  0.82689356  0.82689356
  0.82689356  0.82689356  0.82689356  0.82689356  0.82689356  0.82689356
  0.4119782   0.4119782   0.4119782   0.4119782   0.31634994  0.31634994
  0.31634994  0.21562334]

ARD Regret Deviation_std_error
 [2.52559857e+00 7.42496757e-01 2.15351460e-01 2.15351460e-01
 3.51401076e-01 3.51401076e-01 3.51401076e-01 3.51401076e-01
 3.51401076e-01 3.51401076e-01 3.27534769e-01 3.27534769e-01
 3.27534769e-01 3.27534769e-01 3.27534769e-01 3.27534769e-01
 3.27534769e-01 3.27534769e-01 3.27534769e-01 3.27534769e-01
 2.44749292e-01 2.44749292e-01 2.44749292e-01 2.44749292e-01
 2.44749292e-01 4.22095566e-01 3.91550866e-01 3.91550866e-01
 1.28145663e-02 1.28145663e-02 2.10700837e-03 2.10700837e-03
 2.10700837e-03 2.10700837e-03 4.80634489e-02 4.80634489e-02
 4.80634489e-02 3.17603536e-02 3.17603536e-02 3.17603536e-02
 4.64195245e-02 4.64195245e-02 4.64195245e-02 4.64195245e-02
 4.64195245e-02 4.64195245e-02 4.64195245e-02 4.64195245e-02
 2.77394773e-02 2.77394773e-02 2.77394773e-02 2.77394773e-02
 1.49606133e-02 1.49606133e-02 1.49606133e-02 1.50045525e-03]


Total EI FIX Regret
 [[47.99271777 21.30569342  6.96993399  6.96993399  4.93372978  4.93372978
   4.93372978  4.93372978  4.93372978  4.93372978  4.93372978  4.93372978
   4.93372978  4.93372978  4.93372978  4.93372978  4.93372978  4.93372978
   4.93372978  4.93372978  4.93372978  4.93372978  4.93372978  4.93372978
   4.93372978  4.93372978  4.93372978  4.93372978  4.93372978  4.93372978
   4.93372978  4.93372978  4.93372978  4.93372978  4.93372978  4.93372978
   4.93372978  4.93372978  4.93372978  4.93372978  4.93372978  4.93372978
   4.93372978  4.93372978  4.93372978  4.93372978  4.93372978  4.93372978
   4.93372978  4.93372978  4.93372978  4.93372978  4.93372978  4.93372978
   4.93372978  4.93372978]
 [10.19301951 10.19301951 10.19301951 10.19301951 10.19301951 10.19301951
  10.19301951 10.19301951 10.19301951 10.19301951 10.19301951 10.19301951
  10.19301951 10.19301951 10.19301951 10.19301951 10.19301951 10.19301951
  10.19301951 10.19301951 10.19301951 10.19301951 10.19301951 10.19301951
  10.19301951 10.19301951 10.19301951 10.19301951 10.19301951 10.19301951
  10.19301951 10.19301951 10.19301951 10.19301951 10.19301951 10.19301951
  10.19301951  8.75538178  8.75538178  8.75538178  8.75538178  8.75538178
   8.75538178  8.75538178  8.0735852   8.0735852   8.0735852   8.0735852
   8.0735852   8.0735852   3.81554708  3.81554708  3.81554708  3.81554708
   3.81554708  3.81554708]]

FIX Regret Mean [29.09286864 15.74935647  8.58147675  8.58147675  7.56337465  7.56337465
  7.56337465  7.56337465  7.56337465  7.56337465  7.56337465  7.56337465
  7.56337465  7.56337465  7.56337465  7.56337465  7.56337465  7.56337465
  7.56337465  7.56337465  7.56337465  7.56337465  7.56337465  7.56337465
  7.56337465  7.56337465  7.56337465  7.56337465  7.56337465  7.56337465
  7.56337465  7.56337465  7.56337465  7.56337465  7.56337465  7.56337465
  7.56337465  6.84455578  6.84455578  6.84455578  6.84455578  6.84455578
  6.84455578  6.84455578  6.50365749  6.50365749  6.50365749  6.50365749
  6.50365749  6.50365749  4.37463843  4.37463843  4.37463843  4.37463843
  4.37463843  4.37463843]

FIX Regret Deviation_std_error
 [2.52559857 0.74249676 0.21535146 0.21535146 0.35140108 0.35140108
 0.35140108 0.35140108 0.35140108 0.35140108 0.35140108 0.35140108
 0.35140108 0.35140108 0.35140108 0.35140108 0.35140108 0.35140108
 0.35140108 0.35140108 0.35140108 0.35140108 0.35140108 0.35140108
 0.35140108 0.35140108 0.35140108 0.35140108 0.35140108 0.35140108
 0.35140108 0.35140108 0.35140108 0.35140108 0.35140108 0.35140108
 0.35140108 0.25534486 0.25534486 0.25534486 0.25534486 0.25534486
 0.25534486 0.25534486 0.20979041 0.20979041 0.20979041 0.20979041
 0.20979041 0.20979041 0.07471172 0.07471172 0.07471172 0.07471172
 0.07471172 0.07471172]