VAR Regret Mean [0.71297118 0.69836562 0.69266528 0.6251412  0.61797319 0.46771864
 0.42911148 0.2369606  0.23128968 0.2298961  0.11026826 0.06954714
 0.06954714 0.06954714 0.06954714 0.06954714 0.06954714 0.06954714
 0.06954714 0.06954714 0.06954714 0.06954714 0.06954714 0.06954714
 0.06954714 0.06954714 0.06954714 0.06954714 0.06954714 0.06954714
 0.06954714 0.06954714 0.06954714]

VAR Regret Deviation_std_error
 [0.0016952  0.00049153 0.00105919 0.01119928 0.00982292 0.0427964
 0.03913978 0.01577344 0.0146629  0.01439761 0.01310532 0.00760586
 0.00760586 0.00760586 0.00760586 0.00760586 0.00760586 0.00760586
 0.00760586 0.00760586 0.00760586 0.00760586 0.00760586 0.00760586
 0.00760586 0.00760586 0.00760586 0.00760586 0.00760586 0.00760586
 0.00760586 0.00760586 0.00760586]

Multi Regret Mean [0.71297118 0.69836562 0.69266528 0.48586974 0.45324056 0.45324056
 0.44264276 0.35397984 0.30530686 0.13600422 0.13415001 0.13415001
 0.13415001 0.13415001 0.13415001 0.13415001 0.13415001 0.13415001
 0.13415001 0.13415001 0.13415001 0.13415001 0.13415001 0.13415001
 0.11183733 0.11183733 0.11183733 0.11183733 0.11183733 0.11183733
 0.11183733 0.11183733 0.11183733]

Multi Regret Deviation_std_error
 [0.0016952  0.00049153 0.00105919 0.02554843 0.02875685 0.02875685
 0.0261484  0.03951687 0.02858527 0.00359491 0.00335937 0.00335937
 0.00335937 0.00335937 0.00335937 0.00335937 0.00335937 0.00335937
 0.00335937 0.00335937 0.00335937 0.00335937 0.00335937 0.00335937
 0.00492495 0.00492495 0.00492495 0.00492495 0.00492495 0.00492495
 0.00492495 0.00492495 0.00492495]

ARD Regret Mean [0.71297118 0.69836562 0.69266528 0.69266528 0.69266528 0.63307442
 0.60613352 0.60464869 0.4688171  0.4688171  0.4688171  0.4688171
 0.4688171  0.46186584 0.46186584 0.35448009 0.3082646  0.26916123
 0.26916123 0.24361997 0.24361997 0.24361997 0.24361997 0.24361997
 0.24361997 0.24361997 0.24361997 0.24361997 0.21558663 0.21558663
 0.16349542 0.16349542 0.16349542]

ARD Regret Deviation_Std_error
 [0.0016952  0.00049153 0.00105919 0.00105919 0.00105919 0.01446066
 0.01301031 0.01269065 0.02777453 0.02777453 0.02777453 0.02777453
 0.02777453 0.02606326 0.02606326 0.00037854 0.011751   0.01079797
 0.01079797 0.00473235 0.00473235 0.00473235 0.00473235 0.00473235
 0.00473235 0.00473235 0.00473235 0.00473235 0.00881245 0.00881245
 0.00649026 0.00649026 0.00649026]

FIX Regret Mean [0.71297118 0.69836562 0.69266528 0.69251124 0.69251124 0.54689809
 0.54689809 0.48582651 0.48582651 0.48582651 0.47399832 0.47399832
 0.47399832 0.47399832 0.31616236 0.31616236 0.31616236 0.27021232
 0.27021232 0.27021232 0.27021232 0.27021232 0.27021232 0.27021232
 0.27021232 0.27021232 0.27021232 0.24585633 0.24585633 0.24585633
 0.24585633 0.24585633 0.24585633]

FIX Regret Deviation_std_error
 [0.0016952  0.00049153 0.00105919 0.00103199 0.00103199 0.03501747
 0.03501747 0.02893229 0.02893229 0.02893229 0.02683389 0.02683389
 0.02683389 0.02683389 0.00662721 0.00662721 0.00662721 0.01032486
 0.01032486 0.01032486 0.01032486 0.01032486 0.01032486 0.01032486
 0.01032486 0.01032486 0.01032486 0.00548346 0.00548346 0.00548346
 0.00548346 0.00548346 0.00548346]