FIX Regret Mean [0.59529412 0.61882353 0.61882353 0.62470588 0.63411765 0.63529412
 0.63882353 0.64705882 0.64705882 0.68705882 0.69294118 0.69294118
 0.7        0.7        0.70235294 0.70470588 0.70470588 0.70470588
 0.70470588 0.70470588 0.70470588 0.70588235 0.70823529]

FIX Regret Deviation_std_error
 [0.01277974 0.0134228  0.0134228  0.01447959 0.01516967 0.0153393
 0.0159848  0.0162721  0.0162721  0.00332756 0.00341679 0.00341679
 0.00257284 0.00257284 0.00316061 0.00390962 0.00390962 0.00390962
 0.00390962 0.00390962 0.00390962 0.00372033 0.00352088]

ARD Regret Mean [0.59529412 0.61882353 0.61882353 0.64588235 0.65764706 0.68
 0.68       0.68       0.68235294 0.68470588 0.68470588 0.68823529
 0.68823529 0.68823529 0.68823529 0.68941176 0.68941176 0.68941176
 0.68941176 0.68941176 0.68941176 0.68941176 0.68941176]

ARD Regret Deviation_Std_error
 [0.01277974 0.0134228  0.0134228  0.00375254 0.00261921 0.00422049
 0.00422049 0.00422049 0.00438826 0.00376854 0.00376854 0.00319847
 0.00319847 0.00319847 0.00319847 0.00314151 0.00314151 0.00314151
 0.00314151 0.00314151 0.00314151 0.00314151 0.00314151]

VAR Regret Mean [0.59529412 0.61882353 0.61882353 0.62352941 0.62352941 0.66352941
 0.66352941 0.66941176 0.67647059 0.69529412 0.69764706 0.69764706
 0.69764706 0.70823529 0.70823529 0.70823529 0.70823529 0.70823529
 0.70941176 0.71294118 0.71294118 0.71294118 0.71294118]

VAR Regret Deviation_std_error
 [0.01277974 0.0134228  0.0134228  0.0141984  0.0141984  0.00895973
 0.00895973 0.00899325 0.00846234 0.00390962 0.00384755 0.00384755
 0.00384755 0.00384755 0.00384755 0.00384755 0.00384755 0.00384755
 0.0040009  0.00493069 0.00493069 0.00493069 0.00493069]

Multi Regret Mean [0.59529412 0.61882353 0.61882353 0.65764706 0.65764706 0.66117647
 0.66117647 0.66588235 0.66823529 0.67529412 0.67764706 0.67764706
 0.68       0.69411765 0.69529412 0.70352941 0.70470588 0.70470588
 0.70470588 0.70470588 0.70941176 0.70941176 0.70941176]

Multi Regret Deviation_std_error
 [0.01277974 0.0134228  0.0134228  0.00294373 0.00294373 0.00360532
 0.00360532 0.00454984 0.0048196  0.00434692 0.00341679 0.00341679
 0.00368783 0.00662794 0.00664607 0.00462852 0.00448322 0.00448322
 0.00448322 0.00448322 0.00442921 0.00442921 0.00442921]
