FIX Regret Mean [0.24764706 0.24764706 0.25764706 0.25764706 0.25764706 0.25764706
 0.25764706 0.25764706 0.30647059 0.30647059 0.34235294 0.34235294
 0.34235294 0.34235294 0.34235294 0.38235294 0.38235294 0.38235294
 0.38235294 0.38235294 0.38235294 0.42411765 0.42411765]

FIX Regret Deviation_std_error
 [0.00711931 0.00711931 0.00889232 0.00889232 0.00889232 0.00889232
 0.00889232 0.00889232 0.02901756 0.02901756 0.03789163 0.03789163
 0.03789163 0.03789163 0.03789163 0.04304842 0.04304842 0.04304842
 0.04304842 0.04304842 0.04304842 0.04862932 0.04862932]


ARD Regret Mean [0.24764706 0.24764706 0.25764706 0.25764706 0.29941176 0.33529412
 0.38       0.38       0.42       0.44588235 0.45941176 0.50470588
 0.54823529 0.58       0.58       0.58       0.58       0.58764706
 0.58764706 0.58764706 0.58764706 0.58764706 0.58764706]

ARD Regret Deviation_Std_error
 [0.00711931 0.00711931 0.00889232 0.00889232 0.03230501 0.04073567
 0.0453069  0.0453069  0.04664202 0.04575495 0.04402445 0.04286912
 0.04195035 0.04138493 0.04138493 0.04138493 0.04138493 0.03866063
 0.03866063 0.03866063 0.03866063 0.03866063 0.03866063]

VAR Regret Mean [0.24764706 0.24764706 0.25764706 0.53294118 0.62058824 0.66058824
 0.66058824 0.66058824 0.66058824 0.66058824 0.66058824 0.70588235
 0.70588235 0.70588235 0.70588235 0.70588235 0.70588235 0.70588235
 0.70588235 0.70588235 0.70588235 0.70588235 0.70588235]

VAR Regret Deviation_std_error
 [0.00711931 0.00711931 0.00889232 0.04597931 0.03832765 0.03030883
 0.03030883 0.03030883 0.03030883 0.03030883 0.03030883 0.00481335
 0.00481335 0.00481335 0.00481335 0.00481335 0.00481335 0.00481335
 0.00481335 0.00481335 0.00481335 0.00481335 0.00481335]



Multi Regret Mean [0.24764706 0.24764706 0.25764706 0.34352941 0.35588235 0.40529412
 0.41647059 0.48235294 0.53823529 0.54294118 0.55117647 0.59647059
 0.59647059 0.59647059 0.66176471 0.66176471 0.66176471 0.66176471
 0.66176471 0.66176471 0.66176471 0.66176471 0.66176471]

Multi Regret Deviation_std_error
 [0.00711931 0.00711931 0.00889232 0.0321685  0.03146897 0.03643695
 0.03935236 0.04147861 0.04396222 0.0448324  0.04301014 0.03783759
 0.03783759 0.03783759 0.02958135 0.02958135 0.02958135 0.02958135
 0.02958135 0.02958135 0.02958135 0.02958135 0.02958135]