FIX Regret Mean [0.92       0.93666667 0.94333333 0.94333333 0.94333333 0.94666667
 0.94666667 0.95666667 0.96666667 0.97       0.97       0.97
 0.97333333 0.97333333 0.97333333 0.97333333 0.97333333 0.97333333
 0.97333333 0.97333333 0.97333333 0.97333333 0.97333333] 

FIX Regret Deviation_std_error
 [0.00942809 0.00903562 0.00985401 0.00985401 0.00985401 0.00942809
 0.00942809 0.00764553 0.0062167  0.00655707 0.00655707 0.00655707
 0.00681005 0.00681005 0.00681005 0.00681005 0.00681005 0.00681005
 0.00681005 0.00681005 0.00681005 0.00681005 0.00681005]

ARD Regret Mean [0.92       0.93666667 0.94333333 0.94666667 0.97333333 0.97333333
 0.98       0.98       0.98       0.98       0.98       0.98
 0.98333333 0.98333333 0.98333333 0.98333333 0.98333333 0.98333333
 0.98333333 0.98333333 0.98333333 0.98333333 0.98333333]

ARD Regret Deviation_Std_error
 [0.00942809 0.00903562 0.00985401 0.00942809 0.00520126 0.00520126
 0.00461043 0.00461043 0.00461043 0.00461043 0.00461043 0.00461043
 0.00466252 0.00466252 0.00466252 0.00466252 0.00466252 0.00466252
 0.00466252 0.00466252 0.00466252 0.00466252 0.00466252]



VAR Regret Mean [0.92       0.93666667 0.94333333 0.97333333 0.98333333 0.98333333
 0.98333333 0.98333333 0.98333333 0.98333333 0.98333333 0.98333333
 0.98333333 0.98333333 0.98333333 0.98333333 0.99       0.99
 0.99333333 0.99333333 0.99333333 0.99333333 0.99333333]

VAR Regret Deviation_std_error
 [0.00942809 0.00903562 0.00985401 0.00520126 0.00466252 0.00466252
 0.00466252 0.00466252 0.00466252 0.00466252 0.00466252 0.00466252
 0.00466252 0.00466252 0.00466252 0.00466252 0.00445048 0.00445048
 0.00278019 0.00278019 0.00278019 0.00278019 0.00278019]

Multi Regret Mean [0.92       0.93666667 0.94333333 0.94333333 0.94333333 0.94666667
 0.95333333 0.96       0.96       0.96       0.96333333 0.98333333
 0.98333333 0.98333333 0.98333333 0.98333333 0.98333333 0.98333333
 0.98333333 0.98333333 0.98333333 0.98333333 0.98333333]

Multi Regret Deviation_std_error
 [0.00942809 0.00903562 0.00985401 0.00985401 0.00985401 0.01040253
 0.010857   0.01067753 0.01067753 0.01067753 0.00955533 0.00466252
 0.00466252 0.00466252 0.00466252 0.00466252 0.00466252 0.00466252
 0.00466252 0.00466252 0.00466252 0.00466252 0.00466252]
