
Total EI VAR Regret
 [[0.51065909 0.45799299 0.45799299 0.45799299 0.45799299 0.45799299
  0.45799299 0.43603108 0.40637729 0.40637729 0.40637729 0.40637729
  0.40637729 0.33613651 0.33613651 0.33613651 0.33613651 0.33613651
  0.33613651 0.33613651 0.33613651 0.33613651 0.33613651 0.33062276
  0.33062276 0.33062276 0.2693512  0.2693512  0.2693512  0.2693512
  0.2693512  0.2693512  0.2693512 ]
 [0.39804198 0.39804198 0.39804198 0.39804198 0.06929534 0.06929534
  0.06929534 0.06929534 0.06929534 0.06929534 0.06929534 0.06929534
  0.06929534 0.06929534 0.06929534 0.06929534 0.06929534 0.06929534
  0.06929534 0.06929534 0.03987204 0.03987204 0.03987204 0.03987204
  0.00479644 0.00479644 0.00479644 0.00479644 0.00479644 0.00479644
  0.00479644 0.00479644 0.00479644]]

VAR Regret Mean [0.45435054 0.42801748 0.42801748 0.42801748 0.26364416 0.26364416
 0.26364416 0.25266321 0.23783631 0.23783631 0.23783631 0.23783631
 0.23783631 0.20271592 0.20271592 0.20271592 0.20271592 0.20271592
 0.20271592 0.20271592 0.18800427 0.18800427 0.18800427 0.1852474
 0.1677096  0.1677096  0.13707382 0.13707382 0.13707382 0.13707382
 0.13707382 0.13707382 0.13707382]

VAR Regret Deviation_std_error
 [0.00980206 0.00521807 0.00521807 0.00521807 0.03383179 0.03383179
 0.03383179 0.03192025 0.02933922 0.02933922 0.02933922 0.02933922
 0.02933922 0.02322554 0.02322554 0.02322554 0.02322554 0.02322554
 0.02322554 0.02322554 0.02578651 0.02578651 0.02578651 0.0253066
 0.02835954 0.02835954 0.02302654 0.02302654 0.02302654 0.02302654
 0.02302654 0.02302654 0.02302654]


Total EI FIX Regret
 [[0.51065909 0.45799299 0.45799299 0.45799299 0.45718831 0.45718831
  0.45718831 0.18391198 0.18391198 0.18391198 0.18391198 0.18391198
  0.18391198 0.18391198 0.18391198 0.18391198 0.18391198 0.18391198
  0.18391198 0.18391198 0.18391198 0.18391198 0.18391198 0.18391198
  0.18391198 0.15904613 0.15904613 0.15904613 0.15904613 0.15904613
  0.15904613 0.15904613 0.15904613]
 [0.39804198 0.39804198 0.39804198 0.39804198 0.39804198 0.39804198
  0.39804198 0.39804198 0.39804198 0.37124517 0.33430465 0.33430465
  0.33430465 0.33430465 0.33430465 0.33430465 0.33430465 0.33430465
  0.33430465 0.33430465 0.33430465 0.33430465 0.33430465 0.33430465
  0.33430465 0.33430465 0.33430465 0.33430465 0.33430465 0.33430465
  0.33430465 0.33430465 0.33430465]]

Multi Regret Mean [0.45435054 0.42801748 0.42801748 0.42801748 0.42761515 0.42761515
 0.42761515 0.29097698 0.29097698 0.27757857 0.25910831 0.25910831
 0.25910831 0.25910831 0.25910831 0.25910831 0.25910831 0.25910831
 0.25910831 0.25910831 0.25910831 0.25910831 0.25910831 0.25910831
 0.25910831 0.24667539 0.24667539 0.24667539 0.24667539 0.24667539
 0.24667539 0.24667539 0.24667539]

Multi Regret Deviation_std_error
 [0.00980206 0.00521807 0.00521807 0.00521807 0.00514803 0.00514803
 0.00514803 0.01863762 0.01863762 0.01630526 0.01309    0.01309
 0.01309    0.01309    0.01309    0.01309    0.01309    0.01309
 0.01309    0.01309    0.01309    0.01309    0.01309    0.01309
 0.01309    0.0152543  0.0152543  0.0152543  0.0152543  0.0152543
 0.0152543  0.0152543  0.0152543]


Total EI ARD Regret
 [[0.51065909 0.45799299 0.45799299 0.45799299 0.4537666  0.44853347
  0.44853347 0.41119345 0.41119345 0.41119345 0.41119345 0.41119345
  0.41119345 0.41119345 0.41119345 0.41119345 0.41119345 0.41119345
  0.41119345 0.41119345 0.41119345 0.41119345 0.41119345 0.4085907
  0.4085907  0.4085907  0.31618089 0.29062765 0.29062765 0.29062765
  0.29062765 0.29062765 0.28561539]
 [0.39804198 0.39804198 0.39804198 0.39804198 0.39804198 0.39804198
  0.20815841 0.20815841 0.20815841 0.20815841 0.20815841 0.20815841
  0.20815841 0.20815841 0.20815841 0.20815841 0.20815841 0.20815841
  0.20815841 0.20815841 0.20815841 0.20815841 0.20815841 0.20815841
  0.20815841 0.20815841 0.20815841 0.20815841 0.20815841 0.20815841
  0.20815841 0.20815841 0.20815841]]

ARD Regret Mean [0.45435054 0.42801748 0.42801748 0.42801748 0.42590429 0.42328773
 0.32834594 0.30967593 0.30967593 0.30967593 0.30967593 0.30967593
 0.30967593 0.30967593 0.30967593 0.30967593 0.30967593 0.30967593
 0.30967593 0.30967593 0.30967593 0.30967593 0.30967593 0.30837455
 0.30837455 0.30837455 0.26216965 0.24939303 0.24939303 0.24939303
 0.24939303 0.24939303 0.2468869]

ARD Regret Deviation_std_error
 [0.00980206 0.00521807 0.00521807 0.00521807 0.00485021 0.00439472
 0.02092196 0.01767193 0.01767193 0.01767193 0.01767193 0.01767193
 0.01767193 0.01767193 0.01767193 0.01767193 0.01767193 0.01767193
 0.01767193 0.01767193 0.01767193 0.01767193 0.01767193 0.01744539
 0.01744539 0.01744539 0.00940215 0.00717803 0.00717803 0.00717803
 0.00717803 0.00717803 0.00674176]


Total EI FIX Regret
 [[0.51065909 0.45799299 0.45799299 0.37481494 0.37481494 0.37481494
  0.37481494 0.37481494 0.35211578 0.35211578 0.35211578 0.35211578
  0.35211578 0.35211578 0.35211578 0.35211578 0.35211578 0.35211578
  0.35211578 0.35211578 0.35211578 0.35211578 0.35211578 0.35211578
  0.35211578 0.35211578 0.35211578 0.35211578 0.35211578 0.35211578
  0.35211578 0.35180722 0.35180722]
 [0.39804198 0.39804198 0.39804198 0.21277256 0.21277256 0.21277256
  0.21277256 0.21277256 0.21277256 0.21277256 0.21277256 0.21277256
  0.21277256 0.21277256 0.21277256 0.21277256 0.21277256 0.21277256
  0.21277256 0.21277256 0.21277256 0.21277256 0.21277256 0.21277256
  0.21277256 0.21277256 0.21277256 0.21277256 0.21277256 0.21277256
  0.21277256 0.21277256 0.21277256]]

FIX Regret Mean [0.45435054 0.42801748 0.42801748 0.29379375 0.29379375 0.29379375
 0.29379375 0.29379375 0.28244417 0.28244417 0.28244417 0.28244417
 0.28244417 0.28244417 0.28244417 0.28244417 0.28244417 0.28244417
 0.28244417 0.28244417 0.28244417 0.28244417 0.28244417 0.28244417
 0.28244417 0.28244417 0.28244417 0.28244417 0.28244417 0.28244417
 0.28244417 0.28228989 0.28228989]

FIX Regret Deviation_std_error
 [0.00980206 0.00521807 0.00521807 0.01410398 0.01410398 0.01410398
 0.01410398 0.01410398 0.01212827 0.01212827 0.01212827 0.01212827
 0.01212827 0.01212827 0.01212827 0.01212827 0.01212827 0.01212827
 0.01212827 0.01212827 0.01212827 0.01212827 0.01212827 0.01212827
 0.01212827 0.01212827 0.01212827 0.01212827 0.01212827 0.01212827
 0.01212827 0.01210141 0.01210141]