Total EI VAR Regret
 [[0.49908366 0.28196479 0.28196479 0.28196479 0.28196479 0.26149804
  0.2592799  0.2592799  0.2592799  0.2592799  0.2592799  0.2592799
  0.2592799  0.07392196 0.07392196 0.07392196 0.07392196 0.07392196
  0.07392196 0.07392196 0.07392196 0.07392196 0.07392196 0.07392196
  0.07392196 0.07392196 0.07392196 0.07392196 0.07392196 0.07392196
  0.07392196 0.07392196 0.07392196]
 [0.63305444 0.60327209 0.42401967 0.42396162 0.40967619 0.40967619
  0.40967619 0.25038068 0.25038068 0.25038068 0.25038068 0.25038068
  0.25038068 0.25038068 0.25038068 0.25038068 0.25038068 0.0524541
  0.0524541  0.0524541  0.0524541  0.0524541  0.0524541  0.0524541
  0.0524541  0.0524541  0.0524541  0.0524541  0.0524541  0.0524541
  0.0524541  0.0524541  0.0524541 ]
 [0.15899842 0.15899842 0.15899842 0.15899842 0.15899842 0.15899842
  0.15899842 0.0878189  0.0878189  0.00308349 0.00308349 0.00308349
  0.00308349 0.00308349 0.00308349 0.00308349 0.00308349 0.00308349
  0.00308349 0.00308349 0.00308349 0.00308349 0.00308349 0.00308349
  0.00308349 0.00308349 0.00308349 0.00308349 0.00308349 0.00308349
  0.00308349 0.00308349 0.00308349]] 

VAR Regret Mean [0.43037884 0.34807843 0.28832763 0.28830828 0.28354647 0.27672422
 0.27598484 0.19915983 0.19915983 0.17091469 0.17091469 0.17091469
 0.17091469 0.10912871 0.10912871 0.10912871 0.10912871 0.04315319
 0.04315319 0.04315319 0.04315319 0.04315319 0.04315319 0.04315319
 0.04315319 0.04315319 0.04315319 0.04315319 0.04315319 0.04315319
 0.04315319 0.04315319 0.04315319]

VAR Regret Deviation_std_err
 [0.03473494 0.03260509 0.01885052 0.0188463  0.01781596 0.01791321
 0.01793317 0.0137197  0.0137197  0.02066827 0.02066827 0.02066827
 0.02066827 0.01810107 0.01810107 0.01810107 0.01810107 0.00516281
 0.00516281 0.00516281 0.00516281 0.00516281 0.00516281 0.00516281
 0.00516281 0.00516281 0.00516281 0.00516281 0.00516281 0.00516281
 0.00516281 0.00516281 0.00516281]


Total EI FIX Regret
 [[0.49908366 0.28196479 0.28196479 0.28196479 0.28196479 0.28196479
  0.28196479 0.28196479 0.28196479 0.28196479 0.28196479 0.28196479
  0.28196479 0.28196479 0.18625238 0.18625238 0.18625238 0.18625238
  0.18625238 0.18625238 0.15936475 0.15936475 0.15936475 0.15936475
  0.15936475 0.15936475 0.15936475 0.15936475 0.15936475 0.15936475
  0.15936475 0.15936475 0.15936475]
 [0.63305444 0.60327209 0.42401967 0.42401967 0.35660288 0.31892726
  0.31658749 0.31658749 0.31658749 0.31658749 0.31658749 0.31658749
  0.20636627 0.20636627 0.20636627 0.20636627 0.20636627 0.20636627
  0.20636627 0.20636627 0.20636627 0.20636627 0.20636627 0.20636627
  0.20636627 0.20636627 0.20636627 0.20636627 0.20636627 0.20636627
  0.20636627 0.20636627 0.20636627]
 [0.15899842 0.15899842 0.15899842 0.15899842 0.15899842 0.15899842
  0.15899842 0.15899842 0.15899842 0.15899842 0.15899842 0.15899842
  0.15899842 0.15899842 0.15899842 0.15899842 0.15899842 0.15899842
  0.15899842 0.15899842 0.15899842 0.15899842 0.15899842 0.15899842
  0.15899842 0.15899842 0.15899842 0.15899842 0.15899842 0.15899842
  0.15899842 0.15899842 0.15899842]] 

Multi Regret Mean [0.43037884 0.34807843 0.28832763 0.28832763 0.26585536 0.25329682
 0.2525169  0.2525169  0.2525169  0.2525169  0.2525169  0.2525169
 0.21577649 0.21577649 0.18387236 0.18387236 0.18387236 0.18387236
 0.18387236 0.18387236 0.17490981 0.17490981 0.17490981 0.17490981
 0.17490981 0.17490981 0.17490981 0.17490981 0.17490981 0.17490981
 0.17490981 0.17490981 0.17490981]

Multi Regret Deviation_std_err
 [0.03473494 0.03260509 0.01885052 0.01885052 0.01418244 0.01190085
 0.01177136 0.01177136 0.01177136 0.01177136 0.01177136 0.01177136
 0.00881527 0.00881527 0.00337901 0.00337901 0.00337901 0.00337901
 0.00337901 0.00337901 0.00387211 0.00387211 0.00387211 0.00387211
 0.00387211 0.00387211 0.00387211 0.00387211 0.00387211 0.00387211
 0.00387211 0.00387211 0.00387211]


Total EI ARD Regret
 [[0.49908366 0.28196479 0.28196479 0.28196479 0.28196479 0.28196479
  0.28196479 0.28196479 0.28196479 0.28196479 0.28196479 0.28196479
  0.28196479 0.28196479 0.28196479 0.28196479 0.28196479 0.28196479
  0.2703048  0.2703048  0.24567193 0.17254417 0.17254417 0.17254417
  0.17254417 0.17254417 0.17254417 0.17254417 0.17254417 0.17254417
  0.17254417 0.17254417 0.17254417]
 [0.63305444 0.60327209 0.42401967 0.39363209 0.30879819 0.30879819
  0.30879819 0.2710339  0.2710339  0.23127566 0.23127566 0.23127566
  0.23127566 0.23127566 0.23127566 0.23127566 0.23127566 0.23127566
  0.23127566 0.23127566 0.23127566 0.11352916 0.11352916 0.11352916
  0.11352916 0.11352916 0.11352916 0.11352916 0.11352916 0.11352916
  0.11352916 0.11352916 0.11352916]
 [0.15899842 0.15899842 0.15899842 0.15899842 0.15899842 0.15899842
  0.15899842 0.15899842 0.15899842 0.15899842 0.15899842 0.15899842
  0.15899842 0.15899842 0.15899842 0.15899842 0.15899842 0.15899842
  0.15899842 0.15899842 0.15899842 0.15899842 0.15899842 0.15899842
  0.15899842 0.0800229  0.0800229  0.0800229  0.0800229  0.0800229
  0.0800229  0.0800229  0.0800229 ]] 

ARD Regret Mean [0.43037884 0.34807843 0.28832763 0.27819843 0.24992047 0.24992047
 0.24992047 0.23733237 0.23733237 0.22407962 0.22407962 0.22407962
 0.22407962 0.22407962 0.22407962 0.22407962 0.22407962 0.22407962
 0.22019296 0.22019296 0.211982   0.14835725 0.14835725 0.14835725
 0.14835725 0.12203207 0.12203207 0.12203207 0.12203207 0.12203207
 0.12203207 0.12203207 0.12203207]

ARD Regret Deviation_std_err
 [0.03473494 0.03260509 0.01885052 0.01668113 0.01135303 0.01135303
 0.01135303 0.00967348 0.00967348 0.00878362 0.00878362 0.00878362
 0.00878362 0.00878362 0.00878362 0.00878362 0.00878362 0.00878362
 0.00802697 0.00802697 0.00660159 0.00439379 0.00439379 0.00439379
 0.00439379 0.00665798 0.00665798 0.00665798 0.00665798 0.00665798
 0.00665798 0.00665798 0.00665798]


Total EI FIX Regret
 [[0.49908366 0.28196479 0.28196479 0.28196479 0.28196479 0.28196479
  0.28196479 0.28196479 0.28196479 0.28196479 0.28196479 0.28196479
  0.28196479 0.28196479 0.28196479 0.28196479 0.28196479 0.28196479
  0.28196479 0.28196479 0.28196479 0.28196479 0.22766522 0.22766522
  0.22766522 0.22766522 0.22766522 0.22766522 0.22766522 0.22766522
  0.19402956 0.19402956 0.19402956]
 [0.63305444 0.60327209 0.42401967 0.39821037 0.39821037 0.21809201
  0.21809201 0.04219713 0.04219713 0.04219713 0.04219713 0.04219713
  0.04219713 0.04219713 0.04219713 0.04219713 0.04219713 0.04219713
  0.04219713 0.04219713 0.04219713 0.04219713 0.04219713 0.04219713
  0.04219713 0.04219713 0.04219713 0.04219713 0.04219713 0.04219713
  0.04219713 0.04219713 0.04219713]
 [0.15899842 0.15899842 0.15899842 0.15899842 0.15899842 0.15899842
  0.15899842 0.15899842 0.15899842 0.15899842 0.15899842 0.15899842
  0.15899842 0.15899842 0.15899842 0.15899842 0.15899842 0.15899842
  0.15899842 0.15899842 0.15899842 0.15899842 0.15899842 0.15899842
  0.15899842 0.15899842 0.15899842 0.15899842 0.15899842 0.15899842
  0.15899842 0.15899842 0.1332075 ]] 

FIX Regret Mean [0.43037884 0.34807843 0.28832763 0.27972453 0.27972453 0.21968507
 0.21968507 0.16105345 0.16105345 0.16105345 0.16105345 0.16105345
 0.16105345 0.16105345 0.16105345 0.16105345 0.16105345 0.16105345
 0.16105345 0.16105345 0.16105345 0.16105345 0.14295359 0.14295359
 0.14295359 0.14295359 0.14295359 0.14295359 0.14295359 0.14295359
 0.1317417  0.1317417  0.12314473]

FIX Regret Deviation_std_err
 [0.03473494 0.03260509 0.01885052 0.01700229 0.01700229 0.00874104
 0.00874104 0.01704142 0.01704142 0.01704142 0.01704142 0.01704142
 0.01704142 0.01704142 0.01704142 0.01704142 0.01704142 0.01704142
 0.01704142 0.01704142 0.01704142 0.01704142 0.01332779 0.01332779
 0.01332779 0.01332779 0.01332779 0.01332779 0.01332779 0.01332779
 0.01129983 0.01129983 0.01086112]
